
Gurobi 13.0.3 (win64) logging started Mon Sep  7 15:08:04 2026

Set parameter LogFile to value "log_C4_gurobi_direct_3600.txt"
Gurobi Optimizer version 13.0.3 build v13.0.3rc0 (win64 - Windows 11+.0 (26200.2))

CPU model: Intel(R) Core(TM) i7-10750H CPU @ 2.60GHz, instruction set [SSE2|AVX|AVX2]
Thread count: 6 physical cores, 12 logical processors, using up to 12 threads

Non-default parameters:
TimeLimit  3600
LogToConsole  0

Academic license 2858061 - for non-commercial use only - registered to mf___@aluno.puc-rio.br
Optimize a model with 3789 rows, 7382 columns and 43566 nonzeros (Min)
Model fingerprint: 0x4d620f75
Model has 7322 linear objective coefficients
Variable types: 60 continuous, 7322 integer (7322 binary)
Coefficient statistics:
  Matrix range     [1e+00, 3e+03]
  Objective range  [6e-01, 6e+02]
  Bounds range     [1e+00, 6e+01]
  RHS range        [1e+00, 1e+03]

Presolve added 0 rows and 1 columns
Presolve removed 3 rows and 0 columns
Presolve time: 0.41s
Presolved: 3786 rows, 7383 columns, 43208 nonzeros
Variable types: 60 continuous, 7323 integer (7323 binary)
Found heuristic solution: objective 3109.3845811

Root relaxation: objective 7.392729e+02, 177 iterations, 0.02 seconds (0.01 work units)

    Nodes    |    Current Node    |     Objective Bounds      |     Work
 Expl Unexpl |  Obj  Depth IntInf | Incumbent    BestBd   Gap | It/Node Time

     0     0  739.27290    0  111 3109.38458  739.27290  76.2%     -    1s
H    0     0                    2971.8318147  739.27290  75.1%     -    1s
H    0     0                    2477.0361824  739.27290  70.2%     -    2s
H    0     0                    2405.7792797  739.27290  69.3%     -    2s
     0     0  762.95453    0  124 2405.77928  762.95453  68.3%     -    3s
H    0     0                    1293.4692707  762.95453  41.0%     -    4s
H    0     0                    1281.7792171  762.95453  40.5%     -    4s
H    0     0                    1240.0292221  762.95453  38.5%     -    5s
H    0     0                    1239.6051347  762.95453  38.5%     -    5s
H    0     0                    1237.7816729  762.95453  38.4%     -    7s
H    0     0                    1198.9341160  762.95453  36.4%     -    7s
H    0     0                    1196.8688586  762.95453  36.3%     -    7s
H    0     0                    1192.5711612  762.95453  36.0%     -    8s
H    0     0                    1191.8191974  762.95453  36.0%     -    8s
H    0     0                    1191.4911199  762.95453  36.0%     -    8s
     0     0  763.02463    0  127 1191.49112  763.02463  36.0%     -    8s
     0     0  763.02463    0  127 1191.49112  763.02463  36.0%     -    8s
     0     0  763.68869    0  131 1191.49112  763.68869  35.9%     -    9s
     0     0  764.90208    0  126 1191.49112  764.90208  35.8%     -    9s
     0     0  764.96448    0  122 1191.49112  764.96448  35.8%     -    9s
     0     0  765.07964    0  129 1191.49112  765.07964  35.8%     -    9s
     0     0  765.09553    0  130 1191.49112  765.09553  35.8%     -    9s
     0     0  765.68654    0  143 1191.49112  765.68654  35.7%     -   10s
     0     0  765.68654    0  120 1191.49112  765.68654  35.7%     -   10s
     0     0  765.68654    0  120 1191.49112  765.68654  35.7%     -   10s
     0     0  765.68654    0  112 1191.49112  765.68654  35.7%     -   10s
     0     0  765.68654    0  112 1191.49112  765.68654  35.7%     -   10s
     0     0  765.68654    0  133 1191.49112  765.68654  35.7%     -   10s
     0     0  765.68654    0  134 1191.49112  765.68654  35.7%     -   10s
     0     0  765.68654    0  120 1191.49112  765.68654  35.7%     -   11s
     0     0  765.68654    0  108 1191.49112  765.68654  35.7%     -   11s
     0     0  765.68654    0  108 1191.49112  765.68654  35.7%     -   11s
     0     0  765.68654    0  108 1191.49112  765.68654  35.7%     -   11s
     0     2  767.66203    0  108 1191.49112  767.66203  35.6%     -   13s
H   76    81                    1187.3017016  767.66203  35.3%  19.8   14s
H  120   129                    1170.0924428  767.66203  34.4%  17.0   14s
   351   379  800.50156   43  103 1170.09244  767.66203  34.4%  11.5   15s
H 1132  1097                    1146.6138789  767.66203  33.0%  10.6   16s
H 1442  1342                    1143.8997995  767.66203  32.9%  10.4   18s
H 1800  1653                    1130.2079991  767.66203  32.1%   9.8   19s
  2416  2369  905.90160   98   92 1130.20800  767.66203  32.1%   9.6   20s
H 2657  2435                    1126.9525982  767.66203  31.9%   9.5   20s
H 2661  2423                    1125.2163086  767.66203  31.8%   9.6   20s
  2662  2424  978.31086  169  108 1125.21631  767.66203  31.8%   9.6   28s
H 2663  2303                    1119.6049871  767.66203  31.4%   9.6   31s
H 2663  2188                    1116.1102651  767.66203  31.2%   9.6   31s
H 2663  2079                    1115.5467215  767.66203  31.2%   9.6   31s
  2666  2081  767.66203   12  108 1115.54672  767.66203  31.2%   9.5   36s
  2674  2086  837.85013  217  114 1115.54672  772.52950  30.7%   9.5   40s
H 2675  1982                    1113.9928797  774.13596  30.5%   9.5   41s
  2685  1988  797.07536   37   93 1113.99288  775.66884  30.4%   9.5   45s
H 2686  1889                    1108.3043656  776.91418  29.9%   9.5   45s
H 2690  1797                    1106.4819743  776.92201  29.8%   9.5   49s
  2691  1797 1029.32603  274  133 1106.48197  776.92201  29.8%   9.5   50s
  2696  1802  963.80873  155  112 1106.48197  776.92201  29.8%  11.4   55s
H 2696  1711                    1106.3491945  776.92201  29.8%  11.4   59s
  2697  1712  776.92201   11  122 1106.34919  776.92201  29.8%  11.4   60s
  2703  1716  819.24108   76  142 1106.34919  776.94983  29.8%  11.3   65s
  2709  1720  803.53768   55  148 1106.34919  777.28979  29.7%  11.3   70s
  2728  1754  778.69260   34  106 1106.34919  778.69260  29.6%  12.6   75s
  2824  1799  778.69260   42  135 1106.34919  778.69260  29.6%  13.8   80s
H 2871  1742                    1105.0424568  778.69260  29.5%  14.0   82s
  2971  1836  778.69260   51  127 1105.04246  778.69260  29.5%  14.4   85s
H 3075  1774                    1104.1405755  778.69260  29.5%  14.8   85s
H 3084  1702                    1104.0508114  778.69260  29.5%  14.8   86s
H 3085  1628                    1101.3476035  778.69260  29.3%  14.8   86s
H 3214  1660                    1099.2823460  778.69260  29.2%  15.0   87s
H 3241  1590                    1099.2295168  778.69260  29.2%  14.9   88s
  3729  1938  974.91947  117  105 1099.22952  778.69260  29.2%  16.3   90s
  4748  2434 1089.10859  197   84 1099.22952  778.69260  29.2%  17.6   95s
H 4750  2368                    1096.9982663  778.69260  29.0%  17.6   95s
  5814  3037  975.64057  142  104 1096.99827  778.69260  29.0%  17.7  100s
  7276  3978     cutoff  404      1096.99827  778.69260  29.0%  17.7  105s
  8105  4752 infeasible  247      1096.99827  778.69260  29.0%  17.3  110s
  8245  4778  858.50602   60  127 1096.99827  778.69260  29.0%  17.3  115s
  8732  5434 1014.19072  159  111 1096.99827  778.69260  29.0%  17.2  120s
 10443  7241  824.62798  247  118 1096.99827  778.69260  29.0%  16.3  125s
 13078  9840  953.74043  238  100 1096.99827  779.12019  29.0%  15.4  134s
 13997  9996 1041.88368  371   87 1096.99827  779.77191  28.9%  15.5  135s
 15622 11648  817.19468   53  109 1096.99827  781.46052  28.8%  15.3  140s
 17590 13146  816.53741   45  124 1096.99827  781.46052  28.8%  15.3  146s
 18625 14512  933.81228   97   94 1096.99827  782.30374  28.7%  15.2  150s
 20419 16237  994.78831  185  107 1096.99827  782.44671  28.7%  15.3  155s
 22127 17429 1048.32809  297   84 1096.99827  782.97535  28.6%  15.2  160s
 24361 19417  787.95251   43  142 1096.99827  783.30913  28.6%  15.1  165s
 26153 20564  981.44975   99  108 1096.99827  783.42450  28.6%  14.9  214s
 26155 20565 1061.89701  108  112 1096.99827  783.42450  28.6%  14.9  216s
 26156 20566  838.95802   68  120 1096.99827  783.42450  28.6%  14.9  221s
 26160 20569  810.04978   47  125 1096.99827  783.42450  28.6%  14.9  225s
 26163 20571  952.47424  139  114 1096.99827  783.42450  28.6%  14.9  232s
 26165 20572 1019.70506  167  122 1096.99827  783.42450  28.6%  14.9  237s
 26167 20573  848.32802   45  140 1096.99827  783.42450  28.6%  14.9  240s
 26169 20575 1021.99754  140  129 1096.99827  783.42450  28.6%  14.9  247s
 26170 20575  804.49418   53  129 1096.99827  783.42450  28.6%  14.9  250s
 26172 20577  999.69382  321  144 1096.99827  783.42450  28.6%  14.9  257s
 26175 20579  835.97995  193  167 1096.99827  783.42450  28.6%  14.9  261s
 26177 20580  827.72772   62  177 1096.99827  783.42450  28.6%  14.9  266s
 26180 20582 1009.74613  184  162 1096.99827  783.42450  28.6%  14.9  271s
 26182 20583  864.33792  132  155 1096.99827  783.42450  28.6%  14.9  276s
 26184 20585  827.10377   84  180 1096.99827  783.42450  28.6%  14.9  280s
 26188 20587 1053.26096  613  168 1096.99827  783.42450  28.6%  14.9  285s
 26192 20590  903.89664  240  182 1096.99827  783.42450  28.6%  14.9  290s
 26194 20591  955.97552  118  216 1096.99827  783.42450  28.6%  14.9  295s
 26196 20593 1047.99149  231  173 1096.99827  783.42450  28.6%  14.9  301s
 26198 20594  954.22964  166  188 1096.99827  783.42450  28.6%  14.9  308s
 26199 20595  865.63568   72  183 1096.99827  783.42450  28.6%  14.9  310s
 26203 20597  862.22242  250  182 1096.99827  783.42450  28.6%  14.9  317s
 26204 20598  980.96277  198  217 1096.99827  783.42450  28.6%  14.9  321s
 26206 20599  808.10512   40  216 1096.99827  783.42450  28.6%  14.9  327s
 26208 20601  972.98744  124  238 1096.99827  783.46884  28.6%  14.9  330s
 26210 20602 1023.67400  276  217 1096.99827  783.56039  28.6%  14.9  335s
 26212 20603  866.24057  390  216 1096.99827  783.77386  28.6%  14.9  343s
 26215 20605 1034.61366   87  251 1096.99827  783.94473  28.5%  14.9  346s
 26217 20607 1092.69167  325  245 1096.99827  784.05462  28.5%  14.9  352s
 26218 20607 1060.85688  224  196 1096.99827  784.05826  28.5%  14.9  356s
 26219 20608 1094.94609  118  241 1096.99827  784.25107  28.5%  14.9  360s
 26222 20610 1022.97399  177  206 1096.99827  784.39846  28.5%  14.9  367s
 26223 20611 1077.81994  759  201 1096.99827  784.40299  28.5%  14.9  370s
 26225 20612  857.88312  189  183 1096.99827  784.52530  28.5%  14.9  378s
 26226 20613  855.45843  131  200 1096.99827  784.69488  28.5%  14.9  382s
 26227 20613  881.34864  257  176 1096.99827  784.69656  28.5%  14.9  385s
 26229 20615 1006.88352  329  238 1096.99827  784.81706  28.5%  14.9  390s
H26229 19583                    1096.7151074  784.81748  28.4%  14.9  393s
H26229 18602                    1040.1221425  784.81748  24.5%  14.9  393s
H26229 17671                    1038.0105038  784.81748  24.4%  14.9  393s
H26229 16786                    1035.4917656  784.81748  24.2%  14.9  393s
H26229 15945                    1027.3638876  784.81748  23.6%  14.9  393s
H26229 15147                    1026.8260769  784.81748  23.6%  14.9  393s
H26229 14388                    1023.2082668  784.81748  23.3%  14.9  393s
H26229 13667                    1023.1114368  784.81748  23.3%  14.9  393s
H26229 12983                    1023.0452561  784.81748  23.3%  14.9  393s
 26231 12984 1016.56994  161  236 1023.04526  784.91866  23.3%  14.9  397s
 26232 12985  824.77418   61  190 1023.04526  784.92368  23.3%  14.9  400s
 26234 12986  985.26230  237  219 1023.04526  785.00542  23.3%  14.9  405s
H26235 12336                     944.3826356  785.10076  16.9%  14.9  412s
H26235 11718                     943.2098568  785.10076  16.8%  14.9  412s
H26235 11131                     940.1139586  785.10076  16.5%  14.9  412s
H26235 10573                     924.8911980  785.10076  15.1%  14.9  412s
H26235 10043                     917.4935813  785.10076  14.4%  14.9  412s
 26237 10044  851.98631   93  233  917.49358  785.23393  14.4%  14.9  416s
 26239 10045  917.49358  187  227  917.49358  785.30725  14.4%  14.9  421s
 26241 10047  917.49358  197  236  917.49358  785.40342  14.4%  14.9  428s
 26242 10047  917.49358  439  211  917.49358  785.40342  14.4%  14.9  431s
 26243 10048  917.49358  187  229  917.49358  785.50824  14.4%  14.9  435s
 26245 10049  863.69903   61  228  917.49358  785.58333  14.4%  14.9  441s
 26247 10051  917.49358  161  253  917.49358  785.67351  14.4%  14.9  448s
 26248 10051  889.77783  112  200  917.49358  785.67378  14.4%  14.9  450s
 26250 10053  917.49358  108  236  917.49358  785.75227  14.4%  14.9  457s
 26251 10053  917.49358  202  241  917.49358  785.78675  14.4%  14.9  462s
 26252 10054  917.49358  159  227  917.49358  785.78675  14.4%  14.9  465s
 26254 10055  917.49358  312  215  917.49358  785.87170  14.3%  14.9  470s
 26256 10057  838.95802   68  205  917.49358  785.93955  14.3%  14.9  475s
 26259 10059  917.49358  399  214  917.49358  786.01756  14.3%  14.9  480s
 26265 10063  917.49358  167  253  917.49358  786.04248  14.3%  14.9  486s
 26268 10065  810.66944   58  228  917.49358  786.06799  14.3%  14.9  490s
H26269  9560                     916.6801308  786.12002  14.2%  14.9  492s
H26269  9080                     913.0437462  786.12002  13.9%  14.9  492s
 26271  9082  798.36879   44  254  913.04375  786.19119  13.9%  14.9  495s
 26282  9089  864.33792  132  226  913.04375  786.22897  13.9%  14.9  500s
H26302  8649                     894.6191530  786.22897  12.1%  15.7  504s
 26305  8670  786.22897   50  228  894.61915  786.22897  12.1%  15.7  505s
 26564  8751  843.23810   75  110  894.61915  786.22897  12.1%  15.8  510s
H26581  8322                     885.9348117  786.22897  11.3%  15.8  511s
H26812  7981                     885.7673485  786.22897  11.2%  15.9  514s
 26885  8005  865.02021   58  120  885.76735  786.22897  11.2%  15.9  515s
 27445  8280  828.53431   60  135  885.76735  786.22897  11.2%  16.1  520s
H27716  7943                     882.5950217  786.22897  10.9%  16.2  522s
 28679  8400  792.37830   53  149  882.59502  786.22897  10.9%  16.4  525s
 31048  9350  806.67491   60  128  882.59502  791.55249  10.3%  16.6  530s
 33610 10149 infeasible   91       882.59502  794.96603  9.93%  16.7  535s
 36327 11174  841.28433   71  110  882.59502  797.69019  9.62%  16.8  540s
H37070 10940                     882.0601607  798.02942  9.53%  16.7  541s
H37534 10382                     880.7726304  798.27705  9.37%  16.7  541s
 38717 11077  811.08977   60  121  880.77263  799.33955  9.25%  16.7  546s
 41181 11896  814.29855   69  140  880.77263  800.44208  9.12%  16.7  550s
 44885 12926  828.51338   85  125  880.77263  802.12198  8.93%  16.6  555s
 47513 14150  824.88656   67  128  880.77263  803.26844  8.80%  16.7  561s
 49315 15538  816.23507   58  130  880.77263  803.84841  8.73%  16.7  565s
 51228 17057  810.25175   63  130  880.77263  804.80445  8.63%  16.7  572s
 53021 17822  814.56762   59  118  880.77263  805.20635  8.58%  16.7  575s
 55035 18851  869.32723  107  117  880.77263  805.74195  8.52%  16.7  580s
H55046 18783                     880.2377694  805.74195  8.46%  16.7  581s
 55104 19024  822.30112   54  116  880.23777  805.74195  8.46%  16.7  585s
 56805 20390  835.22189  165  170  880.23777  806.21382  8.41%  16.7  590s
 59141 21885  865.70884   64  105  880.23777  806.65562  8.36%  16.7  596s
 60901 23283 infeasible  203       880.23777  806.91124  8.33%  16.8  601s
H62519 16756                     855.8444882  807.27806  5.67%  16.8  603s
 62524 17000  846.73602   67   98  855.84449  807.27806  5.67%  16.8  605s
 64408 18710  821.04915   63  116  855.84449  807.73569  5.62%  16.7  612s
 66751 19994  844.79175   88  131  855.84449  808.31548  5.55%  16.7  615s
 69722 21895 infeasible   90       855.84449  808.78022  5.50%  16.6  620s
 72901 23607  828.45033   78  115  855.84449  809.43910  5.42%  16.5  625s
 75409 25153  823.01798   70  106  855.84449  809.72635  5.39%  16.5  630s
 77072 26474  826.94595  104  100  855.84449  809.93614  5.36%  16.5  635s
 79745 27793  821.47792   66  106  855.84449  810.24569  5.33%  16.4  640s
 81788 29004  819.25905   65   92  855.84449  810.50513  5.30%  16.4  645s
H83676 28452                     852.7643899  810.66179  4.94%  16.3  648s
 83953 29040  842.27018   86  106  852.76439  810.72708  4.93%  16.3  651s
 86160 30354  828.21810   62  105  852.76439  811.03787  4.89%  16.3  656s
 87854 31424  827.44820   55  132  852.76439  811.22691  4.87%  16.3  660s
 90069 32912  826.81739   84  124  852.76439  811.39482  4.85%  16.3  667s
 91187 33642  819.34970   64  100  852.76439  811.55885  4.83%  16.3  670s
 93442 34949  820.46496   66  102  852.76439  811.70484  4.81%  16.3  675s
 95610 36267 infeasible   97       852.76439  812.00578  4.78%  16.3  680s
 98366 37799  819.74256   59  105  852.76439  812.28838  4.75%  16.3  685s
 100969 39556  828.68987   65  140  852.76439  812.51433  4.72%  16.3  691s
 102656 40649     cutoff   79       852.76439  812.70489  4.70%  16.2  696s
 104756 41551  824.32038   61  112  852.76439  812.88381  4.68%  16.2  700s
H105130 38860                     848.9792974  812.88381  4.25%  16.2  700s
 107268 40653  827.28995   57  105  848.97930  813.11552  4.22%  16.2  706s
 109354 41489  820.38599   66  137  848.97930  813.30021  4.20%  16.2  710s
 111167 42923  827.73509   70  100  848.97930  813.41727  4.19%  16.1  715s
 114073 44553  819.88272   60  103  848.97930  813.68804  4.16%  16.1  721s
 115502 45354     cutoff   77       848.97930  813.78633  4.15%  16.0  726s
 118028 46758  848.17565   82  102  848.97930  813.94735  4.13%  16.0  730s
 121182 48530  820.15041   61  102  848.97930  814.16413  4.10%  16.0  735s
 124561 50313  835.01162   59  140  848.97930  814.42608  4.07%  15.9  740s
 127401 52041  820.40555   71  114  848.97930  814.60992  4.05%  15.9  745s
 129701 53191  825.42893   90   84  848.97930  814.72748  4.03%  15.9  750s
H130244 52990                     848.6678291  814.75564  4.00%  15.9  752s
 131630 54218  829.99438   65  110  848.66783  814.85384  3.98%  15.8  756s
 134010 55641  820.44088   69   90  848.66783  814.96358  3.97%  15.8  760s
 136110 56725  843.40737   74   92  848.66783  815.05798  3.96%  15.8  765s
 138737 58067  840.08280   69   94  848.66783  815.21924  3.94%  15.8  771s
 140340 59015  821.21885   71  102  848.66783  815.28307  3.93%  15.7  775s
 141367 59941  816.59930   68  104  848.66783  815.32264  3.93%  15.7  780s
 144230 61125  816.93223   68  116  848.66783  815.44559  3.91%  15.7  786s
 146423 62299  836.84375   72  105  848.66783  815.53083  3.90%  15.6  790s
 148601 63789  826.12341   68  118  848.66783  815.62104  3.89%  15.6  795s
 151405 65382  828.08161   63  108  848.66783  815.76210  3.88%  15.5  801s
 153441 66406  825.84183   57  126  848.66783  815.83115  3.87%  15.5  807s
 154798 67249  833.58700  100   88  848.66783  815.87988  3.86%  15.5  811s
 157161 68544  817.75840   70  101  848.66783  815.95744  3.85%  15.5  815s
 159374 69640  837.80315   65  112  848.66783  816.03245  3.85%  15.4  820s
 162288 71478  819.63820   63  105  848.66783  816.12332  3.83%  15.4  826s
 164542 72669  838.17165   84  107  848.66783  816.21912  3.82%  15.4  830s
 166189 73561  818.61007   59  111  848.66783  816.27608  3.82%  15.4  835s
 169015 75272  828.16736   79  122  848.66783  816.32231  3.81%  15.3  841s
 171910 76871  843.76056   76   97  848.66783  816.41584  3.80%  15.3  846s
 173881 78053 infeasible   81       848.66783  816.47809  3.79%  15.3  850s
 176769 79811  820.71556   69   94  848.66783  816.54361  3.79%  15.2  855s
 179347 81303  820.65477   64  115  848.66783  816.60213  3.78%  15.2  862s
 181448 82410 infeasible   87       848.66783  816.65296  3.77%  15.1  865s
H182757 82534                     848.4906129  816.67135  3.75%  15.1  867s
 183691 83537 infeasible   74       848.49061  816.70369  3.75%  15.1  871s
 185519 84541  838.48647   67  105  848.49061  816.74350  3.74%  15.1  875s
 187981 86117  818.12995   74   94  848.49061  816.78324  3.74%  15.1  881s
 190285 87244  834.11379   61  115  848.49061  816.83613  3.73%  15.1  885s
 191859 87979  837.30951   69   96  848.49061  816.86972  3.73%  15.0  890s
 194144 89019  832.70425   85  101  848.49061  816.91696  3.72%  15.0  895s
 195948 90273  840.02756   72  115  848.49061  816.94392  3.72%  15.1  901s
 197981 91140 infeasible   73       848.49061  816.97650  3.71%  15.0  905s
 199613 92341  818.70790   71  116  848.49061  816.99400  3.71%  15.0  910s
 202178 93902  830.51163   75  112  848.49061  817.06194  3.70%  15.0  916s
 204407 94908  830.67225   78  107  848.49061  817.10468  3.70%  14.9  921s
 206240 95832  827.73476   61  102  848.49061  817.14094  3.69%  14.9  926s
 207356 96506  822.43191   76   97  848.49061  817.18219  3.69%  14.9  930s
 209729 97768  820.94967   79   99  848.49061  817.25526  3.68%  14.9  935s
 211627 99048  819.76959   71  106  848.49061  817.29550  3.68%  14.9  940s
 213695 100273  837.73267   99   82  848.49061  817.33157  3.67%  14.8  945s
 216242 101619  831.11729   66  102  848.49061  817.38960  3.67%  14.8  950s
 217553 102525  822.96973   73   89  848.49061  817.40596  3.66%  14.8  955s
 220489 104074  827.08859   96  156  848.49061  817.47180  3.66%  14.8  961s
 222627 105264 infeasible   80       848.49061  817.50921  3.65%  14.8  965s
 224698 106345 infeasible   86       848.49061  817.54823  3.65%  14.7  970s
 227410 107838  827.21878   62  138  848.49061  817.60708  3.64%  14.7  976s
 229494 109126  818.63314   59  101  848.49061  817.65159  3.63%  14.7  982s
 230718 109709  821.74646   75   90  848.49061  817.67195  3.63%  14.7  985s
 233522 111036  846.80437   99  101  848.49061  817.72557  3.63%  14.6  990s
 235814 112467  833.15688   65   91  848.49061  817.76250  3.62%  14.6  996s
 238123 113639  826.64659   68  103  848.49061  817.80001  3.62%  14.6 1001s
 240036 114663  843.10005   87   78  848.49061  817.82151  3.61%  14.6 1005s
 242446 115789     cutoff   77       848.49061  817.86398  3.61%  14.5 1012s
 242845 116499  838.10676   82   87  848.49061  817.86909  3.61%  14.5 1015s
 244662 117236  839.54956   98   96  848.49061  817.89893  3.61%  14.5 1021s
 246534 118098  823.42904   74   94  848.49061  817.93379  3.60%  14.5 1025s
 249472 119503  820.11356   67   99  848.49061  817.97767  3.60%  14.5 1031s
 250580 120239  826.77636   66  109  848.49061  817.99601  3.59%  14.5 1035s
 253219 121465  841.93013   89   97  848.49061  818.03474  3.59%  14.5 1040s
 255380 122749  825.41154   63  102  848.49061  818.07126  3.59%  14.5 1045s
 258185 124222  828.49677   78   85  848.49061  818.12084  3.58%  14.4 1050s
 260809 125681  828.50655   84  107  848.49061  818.15414  3.58%  14.4 1055s
 263479 127040  820.99863   78  115  848.49061  818.18996  3.57%  14.4 1060s
 265961 128347  839.46736   75  128  848.49061  818.22955  3.57%  14.4 1065s
 268175 129515  847.97941   87   84  848.49061  818.26303  3.56%  14.4 1070s
 270081 130616  826.58968   69   92  848.49061  818.28965  3.56%  14.4 1075s
 273096 132024  828.06759   73   90  848.49061  818.33711  3.55%  14.3 1080s
 275182 133277  831.98292   83  131  848.49061  818.37128  3.55%  14.3 1085s
 275881 133495  824.46730   64  109  848.49061  818.38049  3.55%  14.3 1723s
 276319 133990  829.04541   75  120  848.49061  818.38463  3.55%  14.3 1726s
 278450 135089  835.74581   67   87  848.49061  818.41472  3.54%  14.3 1733s
 279228 135525  826.88054   75   97  848.49061  818.42701  3.54%  14.3 1736s
 280782 136425  825.29798   64  102  848.49061  818.44974  3.54%  14.3 1741s
 282935 137421  827.71973   81   95  848.49061  818.47253  3.54%  14.3 1746s
 284345 138048  835.30606   60  112  848.49061  818.49129  3.54%  14.3 1750s
 286092 138911  843.47000   89   80  848.49061  818.51962  3.53%  14.3 1755s
 287955 139940  837.14070   77  103  848.49061  818.54507  3.53%  14.2 1760s
 290624 141530 infeasible   84       848.49061  818.57219  3.53%  14.2 1766s
 292894 142564  841.42383   91   84  848.49061  818.59397  3.52%  14.2 1770s
 294244 143411  825.14684   67  100  848.49061  818.60720  3.52%  14.2 1775s
 297271 145122  840.21871   92   78  848.49061  818.64086  3.52%  14.2 1780s
 300172 146588  827.59266   87   89  848.49061  818.67933  3.51%  14.1 1785s
 302270 147945  820.93238   75  103  848.49061  818.69317  3.51%  14.1 1791s
 303742 148671  826.93705  106  124  848.49061  818.70917  3.51%  14.1 1795s
 305580 149758  819.03474   67  102  848.49061  818.72641  3.51%  14.1 1802s
 306379 150252  820.82006   64   99  848.49061  818.73234  3.51%  14.1 1808s
 307323 150547  820.15808   75   96  848.49061  818.74472  3.51%  14.1 1810s
 309165 151419  824.64942   87  107  848.49061  818.77124  3.50%  14.1 1815s
 310698 152374  832.58608   80   99  848.49061  818.78799  3.50%  14.1 1821s
 312213 152941  835.68600   84  116  848.49061  818.80826  3.50%  14.1 1825s
 313498 153779  821.13976   88   96  848.49061  818.82172  3.50%  14.0 1831s
 315092 154429  835.09761   61  104  848.49061  818.84300  3.49%  14.0 1836s
 316015 154908  820.92737   73   95  848.49061  818.85522  3.49%  14.0 1840s
 317539 155649  836.91802   65  127  848.49061  818.87031  3.49%  14.0 1848s
 318254 156023  823.45096   69  110  848.49061  818.87862  3.49%  14.0 1851s
 318961 156296  841.62796   80  101  848.49061  818.88368  3.49%  14.0 1855s
 320558 157208  830.67662   80   92  848.49061  818.90623  3.49%  14.0 1861s
 322049 157941  830.21111   84   89  848.49061  818.91978  3.49%  14.0 1866s
 323145 158584 infeasible   86       848.49061  818.92678  3.48%  14.0 1870s
 324738 159399  847.71304   78   98  848.49061  818.94004  3.48%  14.0 1875s
 326801 160581  824.43055   88   99  848.49061  818.95621  3.48%  14.0 1882s
 328337 161310  835.57082   69  119  848.49061  818.97442  3.48%  13.9 1888s
 329001 161622  824.00267   73  103  848.49061  818.98059  3.48%  13.9 1891s
 330371 162336  839.83867   91  104  848.49061  819.00141  3.48%  13.9 1898s
 331012 162687  830.49327   77   86  848.49061  819.00596  3.47%  13.9 1902s
 331656 162758  833.87156   75  107  848.49061  819.01089  3.47%  13.9 1910s
 331813 163511     cutoff   71       848.49061  819.01222  3.47%  13.9 1918s
H331814 160626                     847.2595429  819.01222  3.33%  13.9 1926s
H332889 159893                     846.9982663  819.01380  3.30%  13.9 1926s
 333275 160299  845.08159   94   97  846.99827  819.02233  3.30%  13.9 1931s
 334178 160354  823.85519   77   98  846.99827  819.03027  3.30%  13.9 1936s
 334284 161080  824.84267   84   89  846.99827  819.03027  3.30%  13.9 1940s
 335824 161669  837.53597   87   85  846.99827  819.04092  3.30%  13.9 1945s
 337532 162483  825.77550   70   75  846.99827  819.06232  3.30%  13.9 1952s
 338611 162997  822.46444   75  104  846.99827  819.07263  3.30%  13.9 1956s
 340276 163783  823.35938   69  105  846.99827  819.08823  3.30%  13.9 1962s
 341968 164470  831.14947   82   93  846.99827  819.10541  3.29%  13.9 1966s
 343520 165336  838.82090   86   95  846.99827  819.11999  3.29%  13.9 1972s
 344325 165556  829.73613   69  117  846.99827  819.12949  3.29%  13.9 1975s
 345468 166370  823.18853   68   99  846.99827  819.13805  3.29%  13.9 1981s
 347439 167079  834.66890   69  100  846.99827  819.15503  3.29%  13.8 1987s
 348588 167752  833.80300   76  101  846.99827  819.16576  3.29%  13.8 1991s
 350160 168231  836.01719   78  108  846.99827  819.18111  3.28%  13.8 1996s
 351143 168744  823.90588   69   98  846.99827  819.19080  3.28%  13.8 2001s
 351558 169201 infeasible  101       846.99827  819.19512  3.28%  13.8 2005s
 353214 169955  831.77588   75  107  846.99827  819.21133  3.28%  13.8 2010s
 354615 170575  822.16070   69   99  846.99827  819.22268  3.28%  13.8 2019s
 355154 171023  837.27498   84  105  846.99827  819.23188  3.28%  13.8 2023s
 356011 171468  832.63970   59  116  846.99827  819.23857  3.28%  13.8 2027s
 356872 171687  822.59605   73  107  846.99827  819.24744  3.28%  13.8 2030s
 358474 172523  836.77477   69   97  846.99827  819.26508  3.27%  13.8 2036s
 359096 172858  825.94180   63   99  846.99827  819.27246  3.27%  13.8 2040s
 360585 173501  826.17577   82   93  846.99827  819.28236  3.27%  13.8 2047s
 361084 173798 infeasible   94       846.99827  819.29167  3.27%  13.8 2050s
 362586 174463  831.61307   72   91  846.99827  819.30336  3.27%  13.7 2057s
 363053 174879  820.03509   69  101  846.99827  819.31026  3.27%  13.7 2061s
 364738 175759  819.53626   74  100  846.99827  819.32896  3.27%  13.7 2068s
 365633 176001  832.46582   78  110  846.99827  819.33825  3.27%  13.7 2070s
 366384 176296  819.85782   72  107  846.99827  819.34324  3.27%  13.7 2076s
 367646 177166  823.69983   71   95  846.99827  819.35386  3.26%  13.7 2082s
 368457 177323     cutoff   79       846.99827  819.35988  3.26%  13.7 2085s
 369234 177941  840.99370   69  100  846.99827  819.36833  3.26%  13.7 2090s
 370091 178381  839.42825   73  101  846.99827  819.37905  3.26%  13.7 2095s
 371749 179131  820.51334   78  113  846.99827  819.39364  3.26%  13.7 2101s
 372887 179676  840.39401   72  113  846.99827  819.40410  3.26%  13.7 2106s
 374304 180290  828.84830   91   82  846.99827  819.41649  3.26%  13.7 2111s
 375556 180826  820.48019   60  114  846.99827  819.43073  3.25%  13.7 2117s
 376059 181073  820.58466   73   99  846.99827  819.43446  3.25%  13.7 2120s
 377870 181933  826.03290   78  107  846.99827  819.44963  3.25%  13.7 2127s
 378605 182308  824.27101  127  122  846.99827  819.45548  3.25%  13.6 2130s
 379786 182989  823.29215   81  106  846.99827  819.46579  3.25%  13.6 2136s
 381050 183562  830.36020   73   96  846.99827  819.47808  3.25%  13.6 2141s
 382249 183997 infeasible   78       846.99827  819.49128  3.25%  13.6 2146s
 382769 184418  823.80166   71   84  846.99827  819.49628  3.25%  13.6 2152s
 383602 184751 infeasible   97       846.99827  819.50074  3.25%  13.6 2155s
 384798 185359  843.56608   69  111  846.99827  819.51359  3.24%  13.6 2163s
 385539 185755  832.17967   83   93  846.99827  819.51924  3.24%  13.6 2167s
 386721 186381  819.85972   68  114  846.99827  819.53413  3.24%  13.6 2173s
 387548 186642  824.56824   75  111  846.99827  819.53792  3.24%  13.6 2175s
 388838 187210  827.31513   65  114  846.99827  819.55019  3.24%  13.6 2181s
 390029 187956  832.06846   77   94  846.99827  819.55992  3.24%  13.6 2186s
 390716 188397  841.28254   80   97  846.99827  819.56757  3.24%  13.6 2190s
 391989 188949  840.17704   65  101  846.99827  819.57648  3.24%  13.6 2195s
 393525 189592  821.29496   67  111  846.99827  819.58763  3.24%  13.6 2201s
 394950 190279  829.06370   71  116  846.99827  819.59653  3.24%  13.6 2206s
 395434 190498  825.89748   81  106  846.99827  819.60173  3.23%  13.6 2212s
 395907 191127  835.26623   85   92  846.99827  819.60424  3.23%  13.6 2216s
 397133 191361  844.09479   81   85  846.99827  819.61966  3.23%  13.6 2220s
 398449 192084 infeasible   68       846.99827  819.63173  3.23%  13.6 2227s
 399839 192757  839.39108   74  107  846.99827  819.64360  3.23%  13.6 2231s
 401377 193430  834.05231   75  120  846.99827  819.65728  3.23%  13.5 2236s
 402750 194287  827.46967   57  115  846.99827  819.67013  3.23%  13.5 2242s
 404201 194841  829.86714   83  106  846.99827  819.67997  3.23%  13.5 2246s
 405508 195511  830.57819   73   88  846.99827  819.68875  3.22%  13.5 2252s
 406671 196136  822.32341   88  118  846.99827  819.69480  3.22%  13.5 2257s
 408266 196933     cutoff   83       846.99827  819.70962  3.22%  13.5 2265s
 410195 197877  832.99933   72  103  846.99827  819.72657  3.22%  13.5 2272s
 411332 198326  821.78494   76   87  846.99827  819.73262  3.22%  13.5 2277s
 412092 198727  834.72926   89  105  846.99827  819.74335  3.22%  13.5 2280s
 412936 198820  836.29466   83  102  846.99827  819.74970  3.22%  13.5 2286s
 413952 199379 infeasible   77       846.99827  819.75902  3.22%  13.5 2290s
 415248 200272  834.04350   80   87  846.99827  819.77139  3.21%  13.5 2297s
 416060 200456  822.79875   77   96  846.99827  819.77436  3.21%  13.5 2300s
 417324 201104  821.69379   75   97  846.99827  819.78746  3.21%  13.5 2306s
 418162 201531  837.17544   67  103  846.99827  819.79419  3.21%  13.5 2312s
 418744 201718  844.30164   76  100  846.99827  819.79419  3.21%  13.5 2315s
 419931 202502  842.65973   82   96  846.99827  819.80043  3.21%  13.5 2324s
 420697 202784     cutoff   81       846.99827  819.80991  3.21%  13.5 2328s
 421215 203140  837.74872   86   99  846.99827  819.81269  3.21%  13.5 2333s
 421864 203432  829.32714   82   90  846.99827  819.81743  3.21%  13.5 2336s
 423247 203967     cutoff   94       846.99827  819.82874  3.21%  13.5 2342s
 423672 204432  821.71707   74  104  846.99827  819.83579  3.21%  13.5 2346s
 424920 205090  826.27962   80   93  846.99827  819.84351  3.21%  13.4 2353s
 425737 205548  828.61258   74  103  846.99827  819.84626  3.21%  13.4 2359s
 426633 205753  820.91291   70  127  846.99827  819.85298  3.20%  13.4 2363s
 427032 206111  836.60531   74   82  846.99827  819.86066  3.20%  13.4 2367s
 427840 206532  840.45086   84  104  846.99827  819.86410  3.20%  13.4 2374s
 428645 206797  839.29788   67  102  846.99827  819.86542  3.20%  13.4 2381s
 429599 207518  839.43418   94   88  846.99827  819.87576  3.20%  13.4 2389s
 430459 207744  836.47392   89   82  846.99827  819.88047  3.20%  13.4 2394s
 430961 208265  832.91343   84   92  846.99827  819.88509  3.20%  13.4 2398s
 431837 208675  831.68692   98   91  846.99827  819.89087  3.20%  13.4 2401s
 432603 208899  828.93323   74  102  846.99827  819.89183  3.20%  13.4 2406s
 433069 209246  828.53040   82  104  846.99827  819.89699  3.20%  13.4 2410s
 433836 209407 infeasible  100       846.99827  819.90406  3.20%  13.4 2415s
 434713 210276  821.27297   72   98  846.99827  819.91290  3.20%  13.4 2423s
 435934 210616  841.40487   92   84  846.99827  819.91678  3.20%  13.4 2428s
 436688 210947  822.38233   81  105  846.99827  819.92396  3.20%  13.4 2431s
 437387 211529  821.27234   71  106  846.99827  819.92884  3.20%  13.4 2435s
 439005 212267  826.67149   76   94  846.99827  819.94199  3.19%  13.4 2441s
 440570 212860  837.70427   78  117  846.99827  819.95230  3.19%  13.4 2448s
 441163 213248  844.58419   80   95  846.99827  819.96107  3.19%  13.4 2452s
 442078 213680  826.59714   75   97  846.99827  819.96107  3.19%  13.4 2457s
 443037 213684  835.26806   74   82  846.99827  819.97373  3.19%  13.4 2460s
 443379 214001  832.52129   69  112  846.99827  819.97804  3.19%  13.4 2467s
 443825 214445  828.15266   73  119  846.99827  819.97960  3.19%  13.4 2471s
 444680 214874  839.34151   91   92  846.99827  819.98446  3.19%  13.4 2476s
 445647 215205 infeasible   91       846.99827  819.99320  3.19%  13.4 2481s
 446305 215787  823.07485   66  109  846.99827  819.99862  3.19%  13.4 2485s
 447382 216110  846.16680   72   98  846.99827  820.00417  3.19%  13.3 2491s
 448341 216433 infeasible   91       846.99827  820.00728  3.19%  13.3 2495s
 449205 216977     cutoff  106       846.99827  820.01557  3.19%  13.3 2500s
 450845 217812 infeasible   72       846.99827  820.02747  3.18%  13.3 2507s
 451962 218455  826.65653   71  101  846.99827  820.03574  3.18%  13.3 2513s
 452832 218748     cutoff   67       846.99827  820.04390  3.18%  13.3 2517s
 453643 219127  821.36568   75   92  846.99827  820.04616  3.18%  13.3 2522s
 454367 219430  826.72148   80   92  846.99827  820.04970  3.18%  13.3 2525s
 455592 219886  839.48720   81   83  846.99827  820.05819  3.18%  13.3 2532s
 456051 220260  829.58010   81  101  846.99827  820.06042  3.18%  13.3 2535s
 457657 220994  840.30216   92  100  846.99827  820.07152  3.18%  13.3 2542s
 458327 221344 infeasible   80       846.99827  820.07368  3.18%  13.3 2546s
 459497 221907  821.72135   74  105  846.99827  820.08466  3.18%  13.3 2552s
 460191 222263  822.29449   71   90  846.99827  820.08826  3.18%  13.3 2558s
 461080 222581  840.12384   75  115  846.99827  820.09448  3.18%  13.3 2562s
 461724 222861  831.19771   98   90  846.99827  820.09918  3.18%  13.3 2565s
 462887 223568 infeasible   86       846.99827  820.10805  3.17%  13.3 2571s
 463739 223964  832.90135   91  119  846.99827  820.11605  3.17%  13.3 2575s
 464923 224337 infeasible   71       846.99827  820.12442  3.17%  13.3 2582s
 465345 224692  841.66663   86  114  846.99827  820.12772  3.17%  13.3 2586s
 466826 225396  832.45117   79   99  846.99827  820.13973  3.17%  13.3 2593s
 467598 225672  821.01478   68  102  846.99827  820.14398  3.17%  13.3 2595s
 468818 226425  822.41402   74  118  846.99827  820.15132  3.17%  13.3 2601s
 469473 226755  821.04595   73  106  846.99827  820.15580  3.17%  13.3 2606s
 470581 227365  832.92423   83  109  846.99827  820.16226  3.17%  13.3 2611s
 471374 227644  830.78987   84   98  846.99827  820.16694  3.17%  13.3 2615s
 472650 228228  832.48785   93  103  846.99827  820.17381  3.17%  13.3 2623s
 473081 228703  827.34178   74  105  846.99827  820.17910  3.17%  13.3 2630s
 474361 229136  835.32858  102   76  846.99827  820.18954  3.17%  13.3 2636s
 474927 229243  826.74923   89  116  846.99827  820.19153  3.16%  13.3 2640s
 475290 229684  831.26445   87   98  846.99827  820.19305  3.16%  13.3 2645s
 476901 230344  825.49815   84   91  846.99827  820.20516  3.16%  13.3 2651s
 477381 230789  824.00511   75  103  846.99827  820.20821  3.16%  13.2 2655s
 479045 231384  825.83174   70  106  846.99827  820.21851  3.16%  13.2 2662s
 479520 231761  828.06073   78  120  846.99827  820.22050  3.16%  13.2 2665s
 481047 232424  832.19259   81   86  846.99827  820.23028  3.16%  13.2 2672s
 481796 232697  822.11819   70   90  846.99827  820.23426  3.16%  13.2 2677s
 482341 233075  831.62101   73   95  846.99827  820.23756  3.16%  13.2 2682s
 483157 233482 infeasible   86       846.99827  820.24148  3.16%  13.2 2685s
 483956 233804  830.24783   73  102  846.99827  820.24607  3.16%  13.2 2690s
 485062 234324  836.68657   68  106  846.99827  820.25410  3.16%  13.2 2696s
 485830 234780  835.94647   92  105  846.99827  820.25890  3.16%  13.2 2702s
 486675 235115 infeasible   80       846.99827  820.26412  3.16%  13.2 2705s
 488107 235697  842.85878   91  106  846.99827  820.27290  3.16%  13.2 2712s
 488605 236022  830.00215   92  110  846.99827  820.27564  3.15%  13.2 2715s
 489917 236615 infeasible   94       846.99827  820.28455  3.15%  13.2 2721s
 491101 237110  826.11441   68  106  846.99827  820.29134  3.15%  13.2 2726s
 492168 237836  827.17088   72   96  846.99827  820.29735  3.15%  13.2 2733s
 492957 237842  834.30798   75   98  846.99827  820.30344  3.15%  13.2 2735s
 493246 238361  830.73662   78   84  846.99827  820.30655  3.15%  13.2 2741s
 494027 238629     cutoff  114       846.99827  820.30893  3.15%  13.2 2746s
 495443 239386  843.37934   92  102  846.99827  820.32064  3.15%  13.2 2753s
 496114 239722  834.79643   87  110  846.99827  820.32758  3.15%  13.2 2756s
 496816 240049     cutoff   83       846.99827  820.33193  3.15%  13.2 2760s
 498041 240646  838.24443   58  109  846.99827  820.33835  3.15%  13.2 2767s
 498831 241013  830.69019   68  100  846.99827  820.34208  3.15%  13.2 2773s
 499597 241331  834.87107   80   93  846.99827  820.34845  3.15%  13.2 2778s
 500263 241695  842.56549   81  106  846.99827  820.35528  3.15%  13.2 2782s
 500983 242074  829.98590   91   99  846.99827  820.36000  3.15%  13.2 2786s
 502279 242744  827.59202   79  117  846.99827  820.36918  3.14%  13.2 2793s
 503092 242960  832.67829   93  101  846.99827  820.37364  3.14%  13.2 2795s
 504329 243809  822.17507   62  110  846.99827  820.37762  3.14%  13.2 2803s
 505123 244018  829.61448   83   94  846.99827  820.38340  3.14%  13.2 2806s
 506293 244799  840.53077  101  103  846.99827  820.38940  3.14%  13.1 2813s
 507065 244943  821.79698   70  102  846.99827  820.39380  3.14%  13.1 2817s
 507444 245293  841.12967   83   85  846.99827  820.39569  3.14%  13.1 2821s
 508255 245604  823.34941   63  108  846.99827  820.39902  3.14%  13.1 2825s
 509647 246267  821.58425   72  110  846.99827  820.40863  3.14%  13.1 2833s
 510165 246484  822.30329   72  100  846.99827  820.41031  3.14%  13.1 2836s
 510573 246899  834.11961   86   80  846.99827  820.41277  3.14%  13.1 2840s
 511314 247343  833.27254   94  110  846.99827  820.41716  3.14%  13.1 2847s
 512187 247717 infeasible   96       846.99827  820.42155  3.14%  13.1 2856s
 512975 248041  822.15114   75  110  846.99827  820.42724  3.14%  13.1 2860s
 514143 248504  831.83634   89   99  846.99827  820.43292  3.14%  13.1 2869s
 514847 248756  844.13387   81   86  846.99827  820.43906  3.14%  13.1 3231s
 515925 249390  820.48790   63  116  846.99827  820.44573  3.13%  13.1 3238s
 516725 249811  830.72102  104  110  846.99827  820.44830  3.13%  13.1 3244s
 517620 250116  824.07862  117   97  846.99827  820.45138  3.13%  13.1 3251s
 518349 250334  827.74827   70  102  846.99827  820.45650  3.13%  13.1 3257s
 518869 250660  827.72820   80  102  846.99827  820.46104  3.13%  13.1 3264s
 519581 250902  835.63897   86   99  846.99827  820.46364  3.13%  13.1 3290s
 520048 251181  825.25148   71  107  846.99827  820.46607  3.13%  13.1 3295s
 521456 251835  843.26164   88   95  846.99827  820.47420  3.13%  13.1 3302s
 522167 252173 infeasible   80       846.99827  820.47804  3.13%  13.1 3307s
 522817 252402  830.26273   77   76  846.99827  820.48025  3.13%  13.1 3311s
 523794 253003  823.30599   67  103  846.99827  820.48677  3.13%  13.1 3318s
 524555 253357  836.38610   95   95  846.99827  820.48992  3.13%  13.1 3322s
 525312 253687  832.19191   64  103  846.99827  820.49487  3.13%  13.1 3329s
 526059 254026  827.17871   87  130  846.99827  820.49963  3.13%  13.1 3333s
 526771 254292  839.60821   78  111  846.99827  820.50373  3.13%  13.1 3337s
 527297 254645 infeasible   94       846.99827  820.50765  3.13%  13.1 3343s
 528064 254983  823.79555   74   90  846.99827  820.51233  3.13%  13.1 3347s
 528726 255186  829.47125   70  101  846.99827  820.51621  3.13%  13.1 3350s
 529600 255515  836.80639   62   98  846.99827  820.51888  3.13%  13.1 3355s
 530604 256007  821.66434   78   97  846.99827  820.52829  3.13%  13.1 3362s
 531040 256425  834.25036   85  110  846.99827  820.53161  3.12%  13.1 3365s
 532568 257039  829.93937   69  122  846.99827  820.54012  3.12%  13.1 3373s
 533182 257365  826.34467   97  102  846.99827  820.54362  3.12%  13.1 3376s
 533881 257600  835.53359   92   96  846.99827  820.54744  3.12%  13.1 3380s
 535174 258406  825.17158   85   93  846.99827  820.55386  3.12%  13.1 3387s
 535888 258706  834.31464   85  116  846.99827  820.55754  3.12%  13.1 3390s
 536928 259346  831.17538   84  108  846.99827  820.56412  3.12%  13.1 3396s
 537717 259713  827.38777   71  105  846.99827  820.56669  3.12%  13.1 3400s
 538483 260061  820.67598   63   98  846.99827  820.56993  3.12%  13.1 3406s
 539616 260640  845.84435   73   82  846.99827  820.57988  3.12%  13.1 3412s
 540466 260964  845.11491   83   82  846.99827  820.58448  3.12%  13.0 3416s
 541119 261315  836.56653   69   97  846.99827  820.58680  3.12%  13.0 3420s
 542199 261793  829.92732   74   84  846.99827  820.59450  3.12%  13.0 3427s
 542948 262145  826.89428   72   99  846.99827  820.60002  3.12%  13.0 3430s
 544400 262711  824.86550   78  104  846.99827  820.60730  3.12%  13.0 3437s
 544766 263034  837.06273   75  103  846.99827  820.60857  3.12%  13.0 3441s
 545555 263096 infeasible   80       846.99827  820.61426  3.12%  13.0 3445s
 546259 263695     cutoff   74       846.99827  820.61675  3.11%  13.0 3452s
 546984 263898  829.78364   90  114  846.99827  820.62098  3.11%  13.0 3455s
 548403 264534  827.30604   72   96  846.99827  820.62989  3.11%  13.0 3463s
 548881 264948  824.82922   71   92  846.99827  820.63258  3.11%  13.0 3466s
 549678 265276  828.76192   93   98  846.99827  820.63605  3.11%  13.0 3470s
 551048 265955  821.42194   72   94  846.99827  820.64442  3.11%  13.0 3482s
 551799 266171 infeasible   76       846.99827  820.64665  3.11%  13.0 3485s
 552988 266939  822.64927   71  100  846.99827  820.65542  3.11%  13.0 3495s
 554339 267642  840.76278   69   91  846.99827  820.66511  3.11%  13.0 3503s
 555130 267986  837.72465   74  105  846.99827  820.66983  3.11%  13.0 3507s
 555860 268381  823.45894   85  121  846.99827  820.67474  3.11%  13.0 3512s
 557035 268960  832.25071   78   97  846.99827  820.68162  3.11%  13.0 3519s
 557728 269381  837.04785  108   85  846.99827  820.68533  3.11%  13.0 3523s
 558519 269517  842.77318   78   96  846.99827  820.68906  3.11%  13.0 3527s
 558928 269828  822.41347   71  110  846.99827  820.69189  3.11%  13.0 3530s
 560351 270450  828.91840  104  105  846.99827  820.69745  3.11%  13.0 3539s
 560968 270758 infeasible   84       846.99827  820.70088  3.10%  13.0 3543s
 561545 271132  823.08616   71   97  846.99827  820.70315  3.10%  13.0 3549s
 562385 271569  845.73070   84   90  846.99827  820.70718  3.10%  13.0 3556s
 563605 272049  824.53955   70  105  846.99827  820.71533  3.10%  13.0 3565s
 564771 272792  833.48002   90  101  846.99827  820.72201  3.10%  13.0 3573s
 565687 273216  839.13488  102   87  846.99827  820.72700  3.10%  13.0 3581s
 567218 273834  836.42824   99   92  846.99827  820.73376  3.10%  13.0 3588s
 567716 274110  834.28084   82  104  846.99827  820.73584  3.10%  13.0 3592s
 568381 274296  839.41451   69   92  846.99827  820.73924  3.10%  13.0 3595s
 569535 274685  845.93313   72   97  846.99827  820.74622  3.10%  13.0 3600s

Cutting planes:
  Learned: 11
  Gomory: 78
  Cover: 106
  Implied bound: 72
  Projected implied bound: 9
  MIR: 92
  Mixing: 16
  StrongCG: 2
  Flow cover: 408
  GUB cover: 12
  Inf proof: 85
  Zero half: 77
  RLT: 53
  Relax-and-lift: 51

Explored 569608 nodes (7390437 simplex iterations) in 3600.28 seconds (713.14 work units)
Thread count was 12 (of 12 available processors)

Solution count 10: 846.998 847.26 848.491 ... 882.06

Time limit reached
Best objective 8.469982662582e+02, best bound 8.207464227363e+02, gap 3.0994%
