
Gurobi 13.0.3 (win64) logging started Mon Sep  7 17:34:41 2026

Set parameter LogFile to value "log_C4_gurobi_direct_gap0.02.txt"
Gurobi Optimizer version 13.0.3 build v13.0.3rc0 (win64 - Windows 11+.0 (26200.2))

CPU model: Intel(R) Core(TM) i7-10750H CPU @ 2.60GHz, instruction set [SSE2|AVX|AVX2]
Thread count: 6 physical cores, 12 logical processors, using up to 12 threads

Non-default parameters:
TimeLimit  3600
MIPGap  0.02
LogToConsole  0

Academic license 2858061 - for non-commercial use only - registered to mf___@aluno.puc-rio.br
Optimize a model with 3789 rows, 7382 columns and 43566 nonzeros (Min)
Model fingerprint: 0x4d620f75
Model has 7322 linear objective coefficients
Variable types: 60 continuous, 7322 integer (7322 binary)
Coefficient statistics:
  Matrix range     [1e+00, 3e+03]
  Objective range  [6e-01, 6e+02]
  Bounds range     [1e+00, 6e+01]
  RHS range        [1e+00, 1e+03]

Presolve added 0 rows and 1 columns
Presolve removed 3 rows and 0 columns
Presolve time: 0.15s
Presolved: 3786 rows, 7383 columns, 43208 nonzeros
Variable types: 60 continuous, 7323 integer (7323 binary)
Found heuristic solution: objective 3109.3845811

Root relaxation: objective 7.392729e+02, 177 iterations, 0.01 seconds (0.01 work units)

    Nodes    |    Current Node    |     Objective Bounds      |     Work
 Expl Unexpl |  Obj  Depth IntInf | Incumbent    BestBd   Gap | It/Node Time

     0     0  739.27290    0  111 3109.38458  739.27290  76.2%     -    0s
H    0     0                    2971.8318147  739.27290  75.1%     -    0s
H    0     0                    2477.0361824  739.27290  70.2%     -    0s
H    0     0                    2405.7792797  739.27290  69.3%     -    0s
     0     0  762.95453    0  124 2405.77928  762.95453  68.3%     -    2s
H    0     0                    1293.4692707  762.95453  41.0%     -    2s
H    0     0                    1281.7792171  762.95453  40.5%     -    2s
H    0     0                    1240.0292221  762.95453  38.5%     -    2s
H    0     0                    1239.6051347  762.95453  38.5%     -    2s
H    0     0                    1237.7816729  762.95453  38.4%     -    3s
H    0     0                    1198.9341160  762.95453  36.4%     -    4s
H    0     0                    1196.8688586  762.95453  36.3%     -    4s
H    0     0                    1192.5711612  762.95453  36.0%     -    4s
H    0     0                    1191.8191974  762.95453  36.0%     -    4s
H    0     0                    1191.4911199  762.95453  36.0%     -    4s
     0     0  763.02463    0  127 1191.49112  763.02463  36.0%     -    5s
     0     0  763.02463    0  127 1191.49112  763.02463  36.0%     -    5s
     0     0  763.68869    0  131 1191.49112  763.68869  35.9%     -    5s
     0     0  764.90208    0  126 1191.49112  764.90208  35.8%     -    5s
     0     0  764.96448    0  122 1191.49112  764.96448  35.8%     -    5s
     0     0  765.07964    0  129 1191.49112  765.07964  35.8%     -    5s
     0     0  765.09553    0  130 1191.49112  765.09553  35.8%     -    6s
     0     0  765.68654    0  143 1191.49112  765.68654  35.7%     -    6s
     0     0  765.68654    0  120 1191.49112  765.68654  35.7%     -    6s
     0     0  765.68654    0  120 1191.49112  765.68654  35.7%     -    6s
     0     0  765.68654    0  112 1191.49112  765.68654  35.7%     -    6s
     0     0  765.68654    0  112 1191.49112  765.68654  35.7%     -    6s
     0     0  765.68654    0  133 1191.49112  765.68654  35.7%     -    7s
     0     0  765.68654    0  134 1191.49112  765.68654  35.7%     -    7s
     0     0  765.68654    0  120 1191.49112  765.68654  35.7%     -    7s
     0     0  765.68654    0  108 1191.49112  765.68654  35.7%     -    7s
     0     0  765.68654    0  108 1191.49112  765.68654  35.7%     -    7s
     0     0  765.68654    0  108 1191.49112  765.68654  35.7%     -    7s
     0     2  767.66203    0  108 1191.49112  767.66203  35.6%     -    8s
H   76    81                    1187.3017016  767.66203  35.3%  19.8    9s
H  120   129                    1170.0924428  767.66203  34.4%  17.0    9s
   732   762  816.80767  109   81 1170.09244  767.66203  34.4%   9.9   10s
H 1132  1097                    1146.6138789  767.66203  33.0%  10.6   11s
H 1442  1342                    1143.8997995  767.66203  32.9%  10.4   11s
H 1800  1653                    1130.2079991  767.66203  32.1%   9.8   12s
H 2657  2435                    1126.9525982  767.66203  31.9%   9.5   13s
H 2661  2423                    1125.2163086  767.66203  31.8%   9.6   14s
  2662  2424  978.31086  169  108 1125.21631  767.66203  31.8%   9.6   20s
H 2663  2303                    1119.6049871  767.66203  31.4%   9.6   21s
H 2663  2188                    1116.1102651  767.66203  31.2%   9.6   21s
H 2663  2079                    1115.5467215  767.66203  31.2%   9.6   21s
  2666  2081  767.66203   12  108 1115.54672  767.66203  31.2%   9.5   25s
H 2675  1982                    1113.9928797  774.13596  30.5%   9.5   29s
  2678  1984  797.53785   91  128 1113.99288  774.42062  30.5%   9.5   30s
H 2686  1889                    1108.3043656  776.91418  29.9%   9.5   33s
H 2690  1797                    1106.4819743  776.92201  29.8%   9.5   34s
  2696  1802  963.80873  155  112 1106.48197  776.92201  29.8%  11.4   36s
H 2696  1711                    1106.3491945  776.92201  29.8%  11.4   38s
  2700  1714  830.87289  181  163 1106.34919  776.92201  29.8%  11.4   40s
  2713  1723  795.45559  143  102 1106.34919  777.33835  29.7%  11.3   45s
  2830  1802  778.69260   42  122 1106.34919  778.69260  29.6%  13.9   50s
H 2871  1742                    1105.0424568  778.69260  29.5%  14.0   51s
H 3075  1774                    1104.1405755  778.69260  29.5%  14.8   53s
H 3084  1702                    1104.0508114  778.69260  29.5%  14.8   53s
H 3085  1628                    1101.3476035  778.69260  29.3%  14.8   53s
H 3214  1660                    1099.2823460  778.69260  29.2%  15.0   54s
H 3241  1590                    1099.2295168  778.69260  29.2%  14.9   54s
  3330  1720  818.29824   76  117 1099.22952  778.69260  29.2%  15.1   55s
  4581  2485  996.59603  188  117 1099.22952  778.69260  29.2%  17.7   60s
H 4750  2368                    1096.9982663  778.69260  29.0%  17.6   60s
  6044  3235  979.97787  180   80 1096.99827  778.69260  29.0%  17.6   65s
  7787  4648  833.40734  169  126 1096.99827  778.69260  29.0%  17.5   70s
  8387  5179  898.36701  102  130 1096.99827  778.69260  29.0%  17.3   75s
 10443  7241  824.62798  247  118 1096.99827  778.69260  29.0%  16.3   80s
 13078  9840  953.74043  238  100 1096.99827  779.12019  29.0%  15.4   87s
 15622 11648  817.19468   53  109 1096.99827  781.46052  28.8%  15.3   90s
 17749 13956  908.97407   59   96 1096.99827  781.46052  28.8%  15.3   96s
 20419 16237  994.78831  185  107 1096.99827  782.44671  28.7%  15.3  100s
 24361 19417  787.95251   43  142 1096.99827  783.30913  28.6%  15.1  105s
 26153 20564  981.44975   99  108 1096.99827  783.42450  28.6%  14.9  136s
 26156 20566  838.95802   68  120 1096.99827  783.42450  28.6%  14.9  140s
 26163 20571  952.47424  139  114 1096.99827  783.42450  28.6%  14.9  145s
 26167 20573  848.32802   45  140 1096.99827  783.42450  28.6%  14.9  150s
 26169 20575 1021.99754  140  129 1096.99827  783.42450  28.6%  14.9  155s
 26172 20577  999.69382  321  144 1096.99827  783.42450  28.6%  14.9  160s
 26176 20579 1015.17381  208  174 1096.99827  783.42450  28.6%  14.9  166s
 26179 20581  894.41829  140  161 1096.99827  783.42450  28.6%  14.9  170s
 26181 20583  890.92957   64  164 1096.99827  783.42450  28.6%  14.9  175s
 26184 20585  827.10377   84  180 1096.99827  783.42450  28.6%  14.9  181s
 26187 20587  987.53618  123  172 1096.99827  783.42450  28.6%  14.9  185s
 26192 20590  903.89664  240  182 1096.99827  783.42450  28.6%  14.9  191s
 26194 20591  955.97552  118  216 1096.99827  783.42450  28.6%  14.9  196s
 26196 20593 1047.99149  231  173 1096.99827  783.42450  28.6%  14.9  200s
 26198 20594  954.22964  166  188 1096.99827  783.42450  28.6%  14.9  206s
 26202 20597  810.79536   50  218 1096.99827  783.42450  28.6%  14.9  211s
 26204 20598  980.96277  198  217 1096.99827  783.42450  28.6%  14.9  216s
 26206 20599  808.10512   40  216 1096.99827  783.42450  28.6%  14.9  220s
 26210 20602 1023.67400  276  217 1096.99827  783.56039  28.6%  14.9  225s
 26212 20603  866.24057  390  216 1096.99827  783.77386  28.6%  14.9  230s
 26217 20607 1092.69167  325  245 1096.99827  784.05462  28.5%  14.9  236s
 26219 20608 1094.94609  118  241 1096.99827  784.25107  28.5%  14.9  242s
 26221 20609 1060.87472  186  222 1096.99827  784.34403  28.5%  14.9  245s
 26224 20611  890.92957   64  220 1096.99827  784.52088  28.5%  14.9  251s
 26226 20613  855.45843  131  200 1096.99827  784.69488  28.5%  14.9  258s
 26228 20614  863.53978  211  234 1096.99827  784.74553  28.5%  14.9  260s
H26229 19583                    1096.7151074  784.81748  28.4%  14.9  264s
H26229 18602                    1040.1221425  784.81748  24.5%  14.9  264s
H26229 17671                    1038.0105038  784.81748  24.4%  14.9  264s
H26229 16786                    1035.4917656  784.81748  24.2%  14.9  264s
H26229 15945                    1027.3638876  784.81748  23.6%  14.9  264s
H26229 15147                    1026.8260769  784.81748  23.6%  14.9  264s
H26229 14388                    1023.2082668  784.81748  23.3%  14.9  264s
H26229 13667                    1023.1114368  784.81748  23.3%  14.9  264s
H26229 12983                    1023.0452561  784.81748  23.3%  14.9  265s
 26231 12984 1016.56994  161  236 1023.04526  784.91866  23.3%  14.9  267s
 26233 12985 1020.68044  254  210 1023.04526  785.00286  23.3%  14.9  270s
H26235 12336                     944.3826356  785.10076  16.9%  14.9  276s
H26235 11718                     943.2098568  785.10076  16.8%  14.9  277s
H26235 11131                     940.1139586  785.10076  16.5%  14.9  277s
H26235 10573                     924.8911980  785.10076  15.1%  14.9  277s
H26235 10043                     917.4935813  785.10076  14.4%  14.9  277s
 26238 10045  917.49358  261  209  917.49358  785.23592  14.4%  14.9  281s
 26241 10047  917.49358  197  236  917.49358  785.40342  14.4%  14.9  287s
 26243 10048  917.49358  187  229  917.49358  785.50824  14.4%  14.9  292s
 26245 10049  863.69903   61  228  917.49358  785.58333  14.4%  14.9  296s
 26247 10051  917.49358  161  253  917.49358  785.67351  14.4%  14.9  301s
 26249 10052  917.49358  109  243  917.49358  785.75154  14.4%  14.9  306s
 26251 10053  917.49358  202  241  917.49358  785.78675  14.4%  14.9  311s
 26253 10055  917.49358   99  239  917.49358  785.87149  14.3%  14.9  316s
 26255 10056  917.49358  108  223  917.49358  785.93836  14.3%  14.9  320s
 26258 10058  917.49358  279  219  917.49358  786.01441  14.3%  14.9  325s
 26265 10063  917.49358  167  253  917.49358  786.04248  14.3%  14.9  330s
 26269 10065  917.49358  140  242  917.49358  786.11981  14.3%  14.9  335s
H26269  9560                     916.6801308  786.12002  14.2%  14.9  336s
H26269  9080                     913.0437462  786.12002  13.9%  14.9  336s
 26277  9086  827.72772   62  246  913.04375  786.20259  13.9%  14.9  340s
H26302  8649                     894.6191530  786.22897  12.1%  15.7  344s
 26305  8670  786.22897   50  228  894.61915  786.22897  12.1%  15.7  345s
 26499  8750  842.73184   70  103  894.61915  786.22897  12.1%  15.8  350s
H26581  8322                     885.9348117  786.22897  11.3%  15.8  352s
 26780  8402  859.69259   92   97  885.93481  786.22897  11.3%  15.9  355s
H26812  7981                     885.7673485  786.22897  11.2%  15.9  356s
 27074  8122  804.41461   57  144  885.76735  786.22897  11.2%  16.0  360s
 27585  8309  878.28585   80  104  885.76735  786.22897  11.2%  16.1  365s
H27716  7943                     882.5950217  786.22897  10.9%  16.2  367s
 28073  8248  848.67547   59  120  882.59502  786.22897  10.9%  16.3  370s
 29720  8850  829.31758   63  106  882.59502  786.33201  10.9%  16.6  375s
 31486  9491  823.82538   74   82  882.59502  792.66264  10.2%  16.7  380s
 33610 10149 infeasible   91       882.59502  794.96603  9.93%  16.7  385s
 35734 10914 infeasible   80       882.59502  797.18398  9.68%  16.8  390s
H37070 10940                     882.0601607  798.02942  9.53%  16.7  393s
H37534 10382                     880.7726304  798.27705  9.37%  16.7  393s
 38717 11077  811.08977   60  121  880.77263  799.33955  9.25%  16.7  397s
 40297 11672  875.60987   95   78  880.77263  799.90092  9.18%  16.7  400s
 43256 12694  834.64566  156  117  880.77263  801.49692  9.00%  16.7  406s
 45861 13086  815.20162   62  125  880.77263  802.72260  8.86%  16.7  410s
 47923 14584  814.96305   57  122  880.77263  803.52782  8.77%  16.7  415s
 50803 16357  840.55753   81  114  880.77263  804.49741  8.66%  16.7  420s
 52422 17526  835.13915  142  115  880.77263  804.90841  8.61%  16.7  425s
 55041 18853     cutoff  108       880.77263  805.74195  8.52%  16.7  430s
H55046 18783                     880.2377694  805.74195  8.46%  16.7  430s
 56099 19948  851.05890   94  108  880.23777  805.95856  8.44%  16.7  435s
 58853 21458  849.32869   89   84  880.23777  806.65562  8.36%  16.7  440s
 60901 23283 infeasible  203       880.23777  806.91124  8.33%  16.8  445s
H62519 16756                     855.8444882  807.27806  5.67%  16.8  447s
 63417 17910  822.90352   62  126  855.84449  807.65985  5.63%  16.8  451s
 65638 18874  831.66135   59  125  855.84449  807.98408  5.59%  16.7  455s
 68124 20833  815.30477   61  139  855.84449  808.49244  5.53%  16.6  460s
 71586 22981  813.01483   57  103  855.84449  809.17083  5.45%  16.5  465s
 74868 24862  829.52172   77  105  855.84449  809.70698  5.39%  16.4  470s
 77072 26474  826.94595  104  100  855.84449  809.93614  5.36%  16.5  599s
 78186 26570  834.04752   81  107  855.84449  810.02819  5.35%  16.4  600s
 79002 27368  844.86962   87   92  855.84449  810.17853  5.34%  16.4  605s
 80895 28572  815.26323   67   90  855.84449  810.39973  5.31%  16.4  611s
 83006 29382  826.04433   74  106  855.84449  810.61576  5.28%  16.4  615s
H83676 28452                     852.7643899  810.66179  4.94%  16.3  617s
 83953 29040  842.27018   86  106  852.76439  810.72708  4.93%  16.3  621s
 85439 29915  840.22310   66   99  852.76439  810.95691  4.90%  16.3  625s
 87347 30929  819.32128   64  105  852.76439  811.11946  4.88%  16.3  630s
 89392 32407  821.68525   94  123  852.76439  811.31651  4.86%  16.3  635s
 91187 33642  819.34970   64  100  852.76439  811.55885  4.83%  16.3  641s
 93442 34949  820.46496   66  102  852.76439  811.70484  4.81%  16.3  645s
 95610 36267 infeasible   97       852.76439  812.00578  4.78%  16.3  650s
 97593 37527  832.36478   63  137  852.76439  812.19038  4.76%  16.3  657s
 99166 38550  819.54591   73   80  852.76439  812.37124  4.74%  16.3  660s
 101746 40064  842.93068   71   95  852.76439  812.57825  4.71%  16.3  666s
 103628 40944  821.38821   71   99  852.76439  812.75185  4.69%  16.2  670s
H105130 38860                     848.9792974  812.88381  4.25%  16.2  677s
 106434 40085  836.98659   64   95  848.97930  813.05291  4.23%  16.2  680s
 108253 40855  834.18394   73   94  848.97930  813.17209  4.22%  16.2  685s
 109354 41489  820.38599   66  137  848.97930  813.30021  4.20%  16.2  690s
 110489 42408  835.14185  102  104  848.97930  813.37260  4.19%  16.1  697s
 111167 42923  827.73509   70  100  848.97930  813.41727  4.19%  16.1  700s
 112780 43747  847.72957   81   96  848.97930  813.54881  4.17%  16.1  705s
 114838 44932  844.24266   94  105  848.97930  813.71971  4.15%  16.1  710s
 117178 46362  818.69203   58  118  848.97930  813.89917  4.13%  16.0  715s
 120590 48112  819.07509   55  116  848.97930  814.14068  4.10%  16.0  720s
 123830 50034     cutoff   86       848.97930  814.37380  4.08%  16.0  725s
 126994 51638  840.14935   70  126  848.97930  814.58643  4.05%  15.9  730s
 129153 52969  834.76902   80   99  848.97930  814.68970  4.04%  15.9  735s
H130244 52990                     848.6678291  814.75564  4.00%  15.9  738s
 130727 53798  839.50640   78  109  848.66783  814.79031  3.99%  15.9  740s
 134010 55641  820.44088   69   90  848.66783  814.96358  3.97%  15.8  745s
 136711 57220  838.16276   69   95  848.66783  815.10308  3.95%  15.8  750s
 139952 58710  844.39249   76  100  848.66783  815.26135  3.94%  15.7  756s
 141367 59941  816.59930   68  104  848.66783  815.32264  3.93%  15.7  761s
 143210 60868  819.77095   63   99  848.66783  815.39300  3.92%  15.7  765s
 146423 62299  836.84375   72  105  848.66783  815.53083  3.90%  15.6  770s
 149420 64148  824.49270   63  124  848.66783  815.66533  3.89%  15.6  776s
 151405 65382  828.08161   63  108  848.66783  815.76210  3.88%  15.5  780s
 153441 66406  825.84183   57  126  848.66783  815.83115  3.87%  15.5  785s
 154798 67249  833.58700  100   88  848.66783  815.87988  3.86%  15.5  790s
 156547 68077 infeasible   74       848.66783  815.93902  3.86%  15.5  795s
 158769 69252  839.45716   83   78  848.66783  816.01958  3.85%  15.4  800s
 160210 70197 infeasible   84       848.66783  816.05879  3.84%  15.4  805s
 162288 71478  819.63820   63  105  848.66783  816.12332  3.83%  15.4  810s
 165299 73199  818.77511   85   96  848.66783  816.24349  3.82%  15.4  816s
 166787 74104 infeasible   95       848.66783  816.28647  3.82%  15.4  820s
 170204 76050  821.34672   83  113  848.66783  816.36654  3.81%  15.3  826s
 172487 77317  822.94209   81  105  848.66783  816.43714  3.80%  15.3  830s
 175373 78725 infeasible  104       848.66783  816.50691  3.79%  15.2  835s
 178178 80320  844.58210   82  107  848.66783  816.57058  3.78%  15.2  840s
 179347 81303  820.65477   64  115  848.66783  816.60213  3.78%  15.2  845s
 182756 82757  824.40417   85   99  848.66783  816.67135  3.77%  15.1  850s
H182757 82534                     848.4906129  816.67135  3.75%  15.1  850s
 183691 83537 infeasible   74       848.49061  816.70369  3.75%  15.1  855s
 186029 84541  824.92159   64  114  848.49061  816.74350  3.74%  15.1  860s
 187981 86117  818.12995   74   94  848.49061  816.78324  3.74%  15.1  865s
 191002 87767  826.21115   76  117  848.49061  816.85562  3.73%  15.1  871s
 192244 88591  826.35910   86  100  848.49061  816.88185  3.73%  15.0  876s
 194598 89587  824.14473   66  102  848.49061  816.93109  3.72%  15.0  881s
 196420 90706  837.53960   64  117  848.49061  816.96021  3.72%  15.0  885s
 198544 91882  823.75888   65  119  848.49061  816.99400  3.71%  15.0  890s
 200600 93068  839.73058   82  100  848.49061  817.03244  3.71%  15.0  895s
 202963 94252  842.22347  100  114  848.49061  817.09158  3.70%  15.0  901s
 204407 94908  830.67225   78  107  848.49061  817.10468  3.70%  14.9  905s
 204733 95657  819.54370   74   93  848.49061  817.12393  3.70%  14.9  911s
 207356 96506  822.43191   76   97  848.49061  817.18219  3.69%  14.9  915s
 209729 97768  820.94967   79   99  848.49061  817.25526  3.68%  14.9  921s
 211627 99048  819.76959   71  106  848.49061  817.29550  3.68%  14.9  925s
 213695 100273  837.73267   99   82  848.49061  817.33157  3.67%  14.8  930s
 216242 101619  831.11729   66  102  848.49061  817.38960  3.67%  14.8  935s
 217553 102525  822.96973   73   89  848.49061  817.40596  3.66%  14.8  941s
 219339 103321  823.51063   72  102  848.49061  817.44409  3.66%  14.8  945s
 221752 104848  831.25705   93  104  848.49061  817.49981  3.65%  14.8  951s
 223920 105951 infeasible   92       848.49061  817.53367  3.65%  14.7  955s
 226220 106947  824.90217   75   87  848.49061  817.57769  3.64%  14.7  960s
 228132 108295  842.04826   85   96  848.49061  817.62016  3.64%  14.7  965s
 230403 109273  818.41565   67  105  848.49061  817.66318  3.63%  14.7  970s
 232334 110304  823.87004   69   97  848.49061  817.70570  3.63%  14.6  975s
 234745 111683  822.96256   74   99  848.49061  817.73762  3.62%  14.6  980s
 236677 112895  832.74512   75  105  848.49061  817.77511  3.62%  14.6  985s
 239215 114330  824.33286   78  101  848.49061  817.81111  3.62%  14.6  991s
 240933 115244  819.34520   84   94  848.49061  817.83633  3.61%  14.6  995s
 242845 116499  838.10676   82   87  848.49061  817.86909  3.61%  14.5 1002s
 244662 117236  839.54956   98   96  848.49061  817.89893  3.61%  14.5 1006s
 246534 118098  823.42904   74   94  848.49061  817.93379  3.60%  14.5 1010s
 248683 119230  818.31212   67   97  848.49061  817.96654  3.60%  14.5 1015s
 250224 119747  826.08130   62  111  848.49061  817.98989  3.59%  14.5 1020s
 253219 121465  841.93013   89   97  848.49061  818.03474  3.59%  14.5 1025s
 255380 122749  825.41154   63  102  848.49061  818.07126  3.59%  14.5 1031s
 257736 123783  833.45759   78   90  848.49061  818.10312  3.58%  14.4 1035s
 260285 125243  834.09707   73  116  848.49061  818.14671  3.58%  14.4 1040s
 262767 126669  822.18896   71  114  848.49061  818.18427  3.57%  14.4 1046s
 264669 127650     cutoff  106       848.49061  818.21679  3.57%  14.4 1050s
 267374 129225  823.25992   65  111  848.49061  818.25116  3.56%  14.4 1056s
 268788 129985     cutoff   72       848.49061  818.26911  3.56%  14.4 1060s
 271526 131426  820.40986   66  113  848.49061  818.30967  3.56%  14.4 1066s
 273594 132403  832.09061   57  111  848.49061  818.34442  3.55%  14.3 1070s
 276319 133990  829.04541   75  120  848.49061  818.38463  3.55%  14.3 1076s
 278450 135089  835.74581   67   87  848.49061  818.41472  3.54%  14.3 1080s
 280782 136425  825.29798   64  102  848.49061  818.44974  3.54%  14.3 1086s
 282935 137421  827.71973   81   95  848.49061  818.47253  3.54%  14.3 1090s
 285615 138737  834.53828   64  104  848.49061  818.51182  3.53%  14.3 1095s
 287955 139940  837.14070   77  103  848.49061  818.54507  3.53%  14.2 1100s
 290249 141074  825.48973   71   87  848.49061  818.56745  3.53%  14.2 1105s
 292258 142380     cutoff   84       848.49061  818.58786  3.52%  14.2 1110s
 293305 143064  832.35577   88  118  848.49061  818.59721  3.52%  14.2 1115s
 294784 143779  832.52124   76  108  848.49061  818.61399  3.52%  14.2 1120s
 297271 145122  840.21871   92   78  848.49061  818.64086  3.52%  14.2 1126s
 299451 146290  830.78793   79   88  848.49061  818.66834  3.51%  14.1 1130s
 301519 147473  825.19906  103   88  848.49061  818.68776  3.51%  14.1 1136s
 303742 148671  826.93705  106  124  848.49061  818.70917  3.51%  14.1 1140s
 306379 150252  820.82006   64   99  848.49061  818.73234  3.51%  14.1 1147s
 307904 150827  830.52192   76  110  848.49061  818.74927  3.51%  14.1 1150s
 309687 151771  827.85531   77   90  848.49061  818.77852  3.50%  14.1 1155s
 312213 152941  835.68600   84  116  848.49061  818.80826  3.50%  14.1 1160s
 314256 154180  818.95343   74   92  848.49061  818.82889  3.50%  14.0 1165s
 316015 154908  820.92737   73   95  848.49061  818.85522  3.49%  14.0 1170s
 318254 156023  823.45096   69  110  848.49061  818.87862  3.49%  14.0 1176s
 319485 156829  820.44976   66  132  848.49061  818.89179  3.49%  14.0 1181s
 321390 157568  847.21907   72   92  848.49061  818.91551  3.49%  14.0 1185s
 323145 158584 infeasible   86       848.49061  818.92678  3.48%  14.0 1190s
 325373 159813  837.97792   88  116  848.49061  818.94352  3.48%  14.0 1195s
 327615 160925  828.43965   70   89  848.49061  818.96460  3.48%  14.0 1200s
 329555 161982  824.54785  104  121  848.49061  818.98830  3.48%  13.9 1205s
 331656 162758  833.87156   75  107  848.49061  819.01089  3.47%  13.9 1210s
 331813 163511     cutoff   71       848.49061  819.01222  3.47%  13.9 1216s
H331814 160626                     847.2595429  819.01222  3.33%  13.9 1216s
H332889 159893                     846.9982663  819.01380  3.30%  13.9 1217s
 333275 160299  845.08159   94   97  846.99827  819.02233  3.30%  13.9 1220s
 334284 161080  824.84267   84   89  846.99827  819.03027  3.30%  13.9 1225s
 336943 161997  826.33783   80   96  846.99827  819.05668  3.30%  13.9 1230s
 338611 162997  822.46444   75  104  846.99827  819.07263  3.30%  13.9 1237s
 340276 163783  823.35938   69  105  846.99827  819.08823  3.30%  13.9 1243s
 341115 164168  820.30542   68  105  846.99827  819.09739  3.29%  13.9 1245s
 343520 165336  838.82090   86   95  846.99827  819.11999  3.29%  13.9 1251s
 344880 165871  846.84871   87   81  846.99827  819.13182  3.29%  13.9 1255s
 346596 166766  833.94568   58  121  846.99827  819.14876  3.29%  13.8 1261s
 348147 167272 infeasible   90       846.99827  819.16389  3.29%  13.8 1265s
 350160 168231  836.01719   78  108  846.99827  819.18111  3.28%  13.8 1270s
 351558 169201 infeasible  101       846.99827  819.19512  3.28%  13.8 1275s
 353950 170285  826.01914   70   96  846.99827  819.21776  3.28%  13.8 1281s
 356011 171468  832.63970   59  116  846.99827  819.23857  3.28%  13.8 1286s
 357443 172241  830.82568   76   95  846.99827  819.25515  3.28%  13.8 1291s
 359222 172858  822.90462   68   90  846.99827  819.27246  3.27%  13.8 1295s
 361758 174221  819.64004   69  107  846.99827  819.29684  3.27%  13.8 1301s
 363454 174879  845.07930   89   99  846.99827  819.31026  3.27%  13.7 1305s
 365633 176001  832.46582   78  110  846.99827  819.33825  3.27%  13.7 1310s
 366796 176776  822.89970   85  113  846.99827  819.34665  3.26%  13.7 1316s
 368866 177522  819.76698   70  100  846.99827  819.36461  3.26%  13.7 1321s
 370091 178381  839.42825   73  101  846.99827  819.37905  3.26%  13.7 1326s
 371749 179131  820.51334   78  113  846.99827  819.39364  3.26%  13.7 1330s
 373578 180037  830.70595   83  126  846.99827  819.40518  3.26%  13.7 1335s
 375556 180826  820.48019   60  114  846.99827  819.43073  3.25%  13.7 1340s
 377870 181933  826.03290   78  107  846.99827  819.44963  3.25%  13.7 1346s
 379786 182989  823.29215   81  106  846.99827  819.46579  3.25%  13.6 1352s
 381050 183562  830.36020   73   96  846.99827  819.47808  3.25%  13.6 1356s
 382769 184418  823.80166   71   84  846.99827  819.49628  3.25%  13.6 1362s
 384305 184972  829.88590   88   89  846.99827  819.51034  3.25%  13.6 1365s
 386307 185913  827.18269   85   94  846.99827  819.52930  3.24%  13.6 1370s
 388064 187038  831.36613   90  108  846.99827  819.54150  3.24%  13.6 1376s
 390029 187956  832.06846   77   94  846.99827  819.55992  3.24%  13.6 1380s
 391989 188949  840.17704   65  101  846.99827  819.57648  3.24%  13.6 1385s
 394135 190029  826.27935   70   99  846.99827  819.59151  3.24%  13.6 1391s
 395434 190498  825.89748   81  106  846.99827  819.60173  3.23%  13.6 1395s
 397617 191732  829.20215   92  124  846.99827  819.62541  3.23%  13.6 1401s
 399309 192383  830.67741   77   78  846.99827  819.63888  3.23%  13.6 1405s
 401377 193430  834.05231   75  120  846.99827  819.65728  3.23%  13.5 1411s
 402750 194287  827.46967   57  115  846.99827  819.67013  3.23%  13.5 1415s
 404749 195186  827.03183   91   92  846.99827  819.68594  3.22%  13.5 1420s
 406671 196136  822.32341   88  118  846.99827  819.69480  3.22%  13.5 1425s
 408266 196933     cutoff   83       846.99827  819.70962  3.22%  13.5 1431s
 410195 197877  832.99933   72  103  846.99827  819.72657  3.22%  13.5 1436s
 412092 198727  834.72926   89  105  846.99827  819.74335  3.22%  13.5 1441s
 413219 199146  834.35892   82   87  846.99827  819.75196  3.22%  13.5 1446s
 414396 199850  832.38100   81  103  846.99827  819.76594  3.22%  13.5 1450s
 416060 200456  822.79875   77   96  846.99827  819.77436  3.21%  13.5 1455s
 416513 200937  825.11019   72  102  846.99827  819.77906  3.21%  13.5 1461s
 417775 201276  832.76649   99  109  846.99827  819.79211  3.21%  13.5 1465s
 419931 202502  842.65973   82   96  846.99827  819.80043  3.21%  13.5 1471s
 421215 203140  837.74872   86   99  846.99827  819.81269  3.21%  13.5 1476s
 422524 203770  829.44446   80   82  846.99827  819.82393  3.21%  13.5 1481s
 423672 204432  821.71707   74  104  846.99827  819.83579  3.21%  13.5 1486s
 424920 205090  826.27962   80   93  846.99827  819.84351  3.21%  13.4 1490s
 427032 206111  836.60531   74   82  846.99827  819.86066  3.20%  13.4 1496s
 428645 206797  839.29788   67  102  846.99827  819.86542  3.20%  13.4 1515s
 429599 207518  839.43418   94   88  846.99827  819.87576  3.20%  13.4 1520s
 430961 208265  832.91343   84   92  846.99827  819.88509  3.20%  13.4 1526s
 432603 208899  828.93323   74  102  846.99827  819.89183  3.20%  13.4 1532s
 433514 209246  824.36866   84  103  846.99827  819.89699  3.20%  13.4 1535s
 434265 209659  821.21806   94  124  846.99827  819.90736  3.20%  13.4 1540s
 435934 210616  841.40487   92   84  846.99827  819.91678  3.20%  13.4 1546s
 437387 211529  821.27234   71  106  846.99827  819.92884  3.20%  13.4 1550s
 439967 212553  833.37885   71   92  846.99827  819.94674  3.19%  13.4 1556s
 441163 213248  844.58419   80   95  846.99827  819.96107  3.19%  13.4 1560s
 443045 213779  840.93617   75   80  846.99827  819.97373  3.19%  13.4 1565s
 444680 214874  839.34151   91   92  846.99827  819.98446  3.19%  13.4 1571s
 446305 215787  823.07485   66  109  846.99827  819.99862  3.19%  13.4 1575s
 448080 216433  827.04466   62   97  846.99827  820.00709  3.19%  13.3 1580s
 449986 217407 infeasible   73       846.99827  820.01888  3.19%  13.3 1585s
 451962 218455  826.65653   71  101  846.99827  820.03574  3.18%  13.3 1591s
 453643 219127  821.36568   75   92  846.99827  820.04616  3.18%  13.3 1596s
 454925 219683  820.76684   77   93  846.99827  820.05276  3.18%  13.3 1600s
 456925 220647 infeasible   92       846.99827  820.06484  3.18%  13.3 1605s
 459128 221571  824.47175   71   99  846.99827  820.08145  3.18%  13.3 1610s
 460191 222263  822.29449   71   90  846.99827  820.08826  3.18%  13.3 1615s
 462300 223133 infeasible   84       846.99827  820.10152  3.18%  13.3 1620s
 464502 224135  822.19084   65  110  846.99827  820.11990  3.17%  13.3 1625s
 466094 225005  823.31044   94  114  846.99827  820.13419  3.17%  13.3 1630s
 468032 226094  825.15152   88   92  846.99827  820.14728  3.17%  13.3 1635s
 470235 226946  824.00967   78  104  846.99827  820.16170  3.17%  13.3 1640s
 471880 228006  827.10196   76  102  846.99827  820.16924  3.17%  13.3 1645s
 473081 228703  827.34178   74  105  846.99827  820.17910  3.17%  13.3 1650s
 474927 229243  826.74923   89  116  846.99827  820.19153  3.16%  13.3 1655s
 476163 230100  834.85283   75  109  846.99827  820.20080  3.16%  13.3 1662s
 477381 230789  824.00511   75  103  846.99827  820.20821  3.16%  13.2 1668s
 478243 231152  824.32382   68  105  846.99827  820.21527  3.16%  13.2 1670s
 480271 232074  835.92822   70   93  846.99827  820.22568  3.16%  13.2 1675s
 482341 233075  831.62101   73   95  846.99827  820.23756  3.16%  13.2 1681s
 483956 233804  830.24783   73  102  846.99827  820.24607  3.16%  13.2 1685s
 485830 234780  835.94647   92  105  846.99827  820.25890  3.16%  13.2 1691s
 487411 235451  836.80862   92   89  846.99827  820.26942  3.16%  13.2 1695s
 489917 236615 infeasible   94       846.99827  820.28455  3.15%  13.2 1701s
 491569 237419  834.00751   77   90  846.99827  820.29436  3.15%  13.2 1706s
 492963 237848  834.33220   76  102  846.99827  820.30344  3.15%  13.2 1710s
 494027 238629     cutoff  114       846.99827  820.30893  3.15%  13.2 1715s
 495443 239386  843.37934   92  102  846.99827  820.32064  3.15%  13.2 1720s
 497551 240275  832.85569   80  103  846.99827  820.33439  3.15%  13.2 1726s
 498187 240646  822.03086   73  106  846.99827  820.33835  3.15%  13.2 1730s
 498831 241013  830.69019   68  100  846.99827  820.34208  3.15%  13.2 1736s
 500263 241695  842.56549   81  106  846.99827  820.35528  3.15%  13.2 1740s
 501747 242342  835.36037   88   93  846.99827  820.36620  3.14%  13.2 1747s
 502279 242744  827.59202   79  117  846.99827  820.36918  3.14%  13.2 1750s
 503510 243365  824.39473   72   94  846.99827  820.37544  3.14%  13.2 1755s
 505123 244018  829.61448   83   94  846.99827  820.38340  3.14%  13.2 1760s
 506293 244799  840.53077  101  103  846.99827  820.38940  3.14%  13.1 1765s
 508255 245604  823.34941   63  108  846.99827  820.39902  3.14%  13.1 1770s
 510431 246484  844.67056   85  105  846.99827  820.41154  3.14%  13.1 1775s
 512187 247717 infeasible   96       846.99827  820.42155  3.14%  13.1 1782s
 513659 248207     cutoff   92       846.99827  820.43229  3.14%  13.1 1786s
 514143 248504  831.83634   89   99  846.99827  820.43292  3.14%  13.1 1791s
 515508 248974  845.93435   82  111  846.99827  820.44037  3.14%  13.1 1796s
 516725 249811  830.72102  104  110  846.99827  820.44830  3.13%  13.1 1801s
 518349 250334  827.74827   70  102  846.99827  820.45650  3.13%  13.1 1806s
 519581 250902  835.63897   86   99  846.99827  820.46364  3.13%  13.1 1812s
 520048 251181  825.25148   71  107  846.99827  820.46607  3.13%  13.1 1818s
 520809 251516  826.89120   72  115  846.99827  820.47084  3.13%  13.1 1821s
 522167 252173 infeasible   80       846.99827  820.47804  3.13%  13.1 1826s
 523407 252597  841.80848   71  101  846.99827  820.48458  3.13%  13.1 1832s
 523794 253003  823.30599   67  103  846.99827  820.48677  3.13%  13.1 1835s
 525312 253687  832.19191   64  103  846.99827  820.49487  3.13%  13.1 1847s
 526059 254026  827.17871   87  130  846.99827  820.49963  3.13%  13.1 1851s
 526771 254292  839.60821   78  111  846.99827  820.50373  3.13%  13.1 1856s
 527297 254645 infeasible   94       846.99827  820.50765  3.13%  13.1 1861s
 528064 254983  823.79555   74   90  846.99827  820.51233  3.13%  13.1 1868s
 528726 255186  829.47125   70  101  846.99827  820.51621  3.13%  13.1 1871s
 529081 255515  822.61711   74  101  846.99827  820.51854  3.13%  13.1 1875s
 531040 256425  834.25036   85  110  846.99827  820.53161  3.12%  13.1 1881s
 532568 257039  829.93937   69  122  846.99827  820.54012  3.12%  13.1 1885s
 534351 258031  822.19894   73   84  846.99827  820.54971  3.12%  13.1 1890s
 536451 258965  824.95384   75   86  846.99827  820.55992  3.12%  13.1 1897s
 537717 259713  827.38777   71  105  846.99827  820.56669  3.12%  13.1 1902s
 538483 260061  820.67598   63   98  846.99827  820.56993  3.12%  13.1 1905s
 540466 260964  845.11491   83   82  846.99827  820.58448  3.12%  13.0 1911s
 541844 261466  825.96492   67   99  846.99827  820.59304  3.12%  13.0 1915s
 543637 262556  831.12198   74  102  846.99827  820.60264  3.12%  13.0 1922s
 544766 263034  837.06273   75  103  846.99827  820.60857  3.12%  13.0 1925s
 545694 263356  837.42884   94   85  846.99827  820.61487  3.11%  13.0 1931s
 546984 263898  829.78364   90  114  846.99827  820.62098  3.11%  13.0 1935s
 548881 264948  824.82922   71   92  846.99827  820.63258  3.11%  13.0 1942s
 549678 265276  828.76192   93   98  846.99827  820.63605  3.11%  13.0 1945s
 551048 265955  821.42194   72   94  846.99827  820.64442  3.11%  13.0 1953s
 551799 266171 infeasible   76       846.99827  820.64665  3.11%  13.0 1956s
 552988 266939  822.64927   71  100  846.99827  820.65542  3.11%  13.0 1961s
 554339 267642  840.76278   69   91  846.99827  820.66511  3.11%  13.0 1966s
 555860 268381  823.45894   85  121  846.99827  820.67474  3.11%  13.0 1970s
 557728 269381  837.04785  108   85  846.99827  820.68533  3.11%  13.0 1976s
 559526 270186  844.31535   86  104  846.99827  820.69355  3.11%  13.0 1982s
 560968 270758 infeasible   84       846.99827  820.70088  3.10%  13.0 1986s
 562385 271569  845.73070   84   90  846.99827  820.70718  3.10%  13.0 1991s
 563180 271720  824.89057   77  135  846.99827  820.71229  3.10%  13.0 1996s
 563605 272049  824.53955   70  105  846.99827  820.71533  3.10%  13.0 2000s
 564771 272792  833.48002   90  101  846.99827  820.72201  3.10%  13.0 2005s
 566474 273577  833.03940   80   90  846.99827  820.73116  3.10%  13.0 2010s
 568381 274296  839.41451   69   92  846.99827  820.73924  3.10%  13.0 2015s
 570087 275017  830.60524   78  106  846.99827  820.74947  3.10%  13.0 2020s
 571279 275878  825.32405   68  104  846.99827  820.75528  3.10%  13.0 2025s
 572863 276438     cutoff   83       846.99827  820.76272  3.10%  13.0 2031s
 574025 277120  842.71266   83   86  846.99827  820.76872  3.10%  13.0 2035s
 576008 278102  821.60974   72  108  846.99827  820.77965  3.10%  13.0 2041s
 576836 278506  826.45724   65  104  846.99827  820.78381  3.09%  13.0 2045s
 578772 279265  828.08146  106  134  846.99827  820.79359  3.09%  12.9 2051s
 580213 279969  831.15057   75   97  846.99827  820.80142  3.09%  12.9 2055s
 581969 281015  834.29258   76   92  846.99827  820.80856  3.09%  12.9 2061s
 583532 281733  844.03124   83   94  846.99827  820.81619  3.09%  12.9 2066s
 584638 282326  821.87546   78   98  846.99827  820.81826  3.09%  12.9 2071s
 585892 282874  825.95862   86  117  846.99827  820.82786  3.09%  12.9 2078s
 586663 283078  821.31579   75   98  846.99827  820.83311  3.09%  12.9 2082s
 587056 283330  834.90655   95  100  846.99827  820.83498  3.09%  12.9 2086s
 587772 283646  824.01224   71  107  846.99827  820.84000  3.09%  12.9 2091s
 588398 284057  833.32240   70  125  846.99827  820.84280  3.09%  12.9 2096s
 589681 284622  827.58349   87   95  846.99827  820.84898  3.09%  12.9 2103s
 590382 284948  839.96560   82  110  846.99827  820.85532  3.09%  12.9 2108s
 591073 285186  830.05307   60  133  846.99827  820.85771  3.09%  12.9 2112s
 591541 285645  835.31107   83   87  846.99827  820.86047  3.09%  12.9 2117s
 592423 286039  829.15081   99  109  846.99827  820.86500  3.09%  12.9 2124s
 593263 286169  834.32311   89  102  846.99827  820.86908  3.08%  12.9 2130s
 594377 286799  842.09640   83  101  846.99827  820.87419  3.08%  12.9 2140s
 594799 287223  837.33460   69  120  846.99827  820.87749  3.08%  12.9 2146s
 595529 287533     cutoff   82       846.99827  820.88068  3.08%  12.9 2150s
 596299 287831  830.55185   58  133  846.99827  820.88482  3.08%  12.9 2156s
 596911 288207  827.15121   77  103  846.99827  820.88769  3.08%  12.9 2161s
 598067 288815  843.96031   80  109  846.99827  820.89268  3.08%  12.9 2166s
 599613 289543  822.53141   72   91  846.99827  820.89998  3.08%  12.9 2172s
 600736 289914 infeasible   73       846.99827  820.90268  3.08%  12.9 2176s
 602071 290413  823.05907   71  108  846.99827  820.90918  3.08%  12.9 2181s
 602507 290849  822.01165   75   89  846.99827  820.91001  3.08%  12.9 2185s
 604325 291782  823.28623   86  104  846.99827  820.92036  3.08%  12.9 2192s
 605896 292345  833.10871   73   93  846.99827  820.92858  3.08%  12.9 2196s
 607194 293108  826.03602   74   91  846.99827  820.93470  3.08%  12.9 2201s
 608380 293652  842.96192   97  112  846.99827  820.94087  3.08%  12.9 2207s
 609720 294275  823.85653   83   91  846.99827  820.94787  3.08%  12.9 2211s
 610942 294761  846.54447   89   86  846.99827  820.95415  3.07%  12.9 2215s
 612420 295362  831.23659   77  101  846.99827  820.96459  3.07%  12.9 2221s
 613717 296107  824.45893   79  101  846.99827  820.97080  3.07%  12.9 2227s
 614398 296398  829.21955   92  112  846.99827  820.97595  3.07%  12.9 2230s
 615693 297100  823.36398   82  109  846.99827  820.98076  3.07%  12.9 2238s
 616976 297733  844.98575   75   99  846.99827  820.98752  3.07%  12.9 2242s
 617831 298059  827.30734   79  117  846.99827  820.99222  3.07%  12.9 2245s
 619733 298851  837.59876   83  103  846.99827  821.00101  3.07%  12.9 2251s
 620994 299627  825.22841   88   93  846.99827  821.00655  3.07%  12.9 2257s
 622277 300292 infeasible   93       846.99827  821.01545  3.07%  12.9 2261s
 623793 300891  830.38560   81  104  846.99827  821.02184  3.07%  12.9 2266s
 624893 301583  827.48044   80   93  846.99827  821.02669  3.07%  12.9 2271s
 626203 302112  825.48411   72   94  846.99827  821.03351  3.07%  12.9 2275s
 627803 302730  825.69488   72   92  846.99827  821.04159  3.06%  12.9 2281s
 629355 303409  839.62880   60  108  846.99827  821.04855  3.06%  12.9 2286s
 630701 304073 infeasible   72       846.99827  821.05471  3.06%  12.9 2291s
 631580 304689  823.76167   87  112  846.99827  821.05676  3.06%  12.9 2295s
 633110 305307 infeasible   85       846.99827  821.06147  3.06%  12.9 2300s
 634514 306124  827.97968   88   89  846.99827  821.06656  3.06%  12.9 2307s
 635349 306480  824.92085   79  100  846.99827  821.06934  3.06%  12.9 2310s
 636535 307121  823.09953   77   97  846.99827  821.07405  3.06%  12.9 2315s
 638195 307970  832.71646   70   95  846.99827  821.08230  3.06%  12.8 2320s
 639551 308633 infeasible   88       846.99827  821.09034  3.06%  12.8 2325s
 640821 308792  822.56406   67  120  846.99827  821.09693  3.06%  12.8 2331s
 641473 309725  827.19004   73   91  846.99827  821.09983  3.06%  12.8 2337s
 643110 310220  823.95025   72  104  846.99827  821.10649  3.06%  12.8 2342s
 643825 310290  830.75020   70   89  846.99827  821.10830  3.06%  12.8 2346s
 644887 311006  837.00387   91   98  846.99827  821.11375  3.06%  12.8 2351s
 645423 311460  829.71439   66   89  846.99827  821.11696  3.06%  12.8 2355s
 647279 312175 infeasible   82       846.99827  821.12517  3.05%  12.8 2360s
 648740 312973  845.44735   81  103  846.99827  821.13044  3.05%  12.8 2366s
 649978 313409  829.41384   80  103  846.99827  821.13872  3.05%  12.8 2370s
 651259 314174  841.17290   85   97  846.99827  821.14391  3.05%  12.8 2375s
 652448 314745  823.55996   85  108  846.99827  821.15106  3.05%  12.8 2380s
 653656 315569  838.41311   90  117  846.99827  821.15673  3.05%  12.8 2387s
 654834 315924  822.78647   70  107  846.99827  821.16080  3.05%  12.8 2390s
 656460 316560  843.17983   76   92  846.99827  821.16798  3.05%  12.8 2395s
 657712 317400  825.00521   74   94  846.99827  821.17378  3.05%  12.8 2400s
 658968 317996  826.63595   93   96  846.99827  821.17839  3.05%  12.8 2405s
 660375 318578 infeasible   90       846.99827  821.18435  3.05%  12.8 2410s
 661700 319234  840.42951   96   92  846.99827  821.18871  3.05%  12.8 2415s
 663608 320138  830.53906   82   95  846.99827  821.19677  3.05%  12.8 2422s
 664882 320716  831.19705   77   90  846.99827  821.20203  3.05%  12.8 2427s
 665918 321057  840.98821   76  107  846.99827  821.20694  3.05%  12.8 2430s
 666740 321536  828.97074   63  107  846.99827  821.21159  3.04%  12.8 2435s
 668402 322248  843.97483   92  114  846.99827  821.22030  3.04%  12.8 2441s
 669277 322700 infeasible  105       846.99827  821.22301  3.04%  12.8 2447s
 669706 323267  822.96162   71  113  846.99827  821.22436  3.04%  12.8 2450s
 671190 324065  826.94644   77  114  846.99827  821.23117  3.04%  12.8 2456s
 673262 325071  821.24141   65   96  846.99827  821.24037  3.04%  12.8 2463s
 674136 325352     cutoff   83       846.99827  821.24208  3.04%  12.8 2465s
 675482 326176  821.79147   84  120  846.99827  821.24355  3.04%  12.8 2470s
 676852 327026  841.74963   72   91  846.99827  821.24734  3.04%  12.8 2475s
 678321 327925  835.79076   96   90  846.99827  821.25341  3.04%  12.8 2482s
 679159 328229  824.59537   69  114  846.99827  821.25692  3.04%  12.8 2485s
 680560 328946  831.03311   88  103  846.99827  821.26318  3.04%  12.8 2491s
 681830 329638  827.51641   97   89  846.99827  821.26865  3.04%  12.8 2496s
 683337 330332  837.02903   85   83  846.99827  821.27535  3.04%  12.8 2501s
 684607 330954  825.56618   90  122  846.99827  821.27935  3.04%  12.8 2506s
 685797 331511  842.38689   97  112  846.99827  821.28402  3.04%  12.8 2511s
 686562 331865  823.63926   73  142  846.99827  821.28644  3.04%  12.8 2515s
 687607 332377  823.70342   74  127  846.99827  821.29179  3.04%  12.8 2521s
 688973 332875  840.83070   97   97  846.99827  821.29641  3.03%  12.8 2526s
 689326 332923  841.30914   87  102  846.99827  821.30077  3.03%  12.8 2530s
 689954 333223  844.43017   92  116  846.99827  821.30077  3.03%  12.8 2535s
 690571 333731  830.64476   73  106  846.99827  821.30485  3.03%  12.8 2540s
 692001 334373  829.97238   78   98  846.99827  821.30933  3.03%  12.8 2546s
 692346 334991  842.28705   80   72  846.99827  821.31385  3.03%  12.8 2550s
 694024 335517  830.78879   85  114  846.99827  821.32002  3.03%  12.8 2555s
 695465 336129  836.92397   68  105  846.99827  821.32766  3.03%  12.9 2560s
 696744 336761  841.64718   86   92  846.99827  821.33428  3.03%  12.9 2565s
 698032 337445  836.80223   96   84  846.99827  821.34188  3.03%  12.9 2571s
 699153 338074  828.44236   77  103  846.99827  821.34738  3.03%  12.9 2576s
 700684 338601  836.57485   77  101  846.99827  821.35355  3.03%  12.9 2581s
 701807 339133  846.87170   94  101  846.99827  821.36006  3.03%  12.9 2586s
 702207 339351 infeasible   86       846.99827  821.36160  3.03%  12.9 2590s
 703764 340317  832.40385   81  117  846.99827  821.36725  3.03%  12.9 2597s
 704633 340526  830.74838   69   99  846.99827  821.37134  3.03%  12.9 2600s
 705642 341219  827.69543   82  105  846.99827  821.37536  3.03%  12.9 2606s
 707381 341907  828.40112   67  118  846.99827  821.38223  3.02%  12.9 2612s
 707951 342349  842.82461   63   90  846.99827  821.38525  3.02%  12.9 2615s
 709348 343030     cutoff   73       846.99827  821.38925  3.02%  13.0 2620s
 711228 343966  830.13660   69   90  846.99827  821.39621  3.02%  13.0 2627s
 712455 344529  830.81740   67  105  846.99827  821.40280  3.02%  13.0 2632s
 713642 344771  832.17535   74  114  846.99827  821.40675  3.02%  13.0 2636s
 714301 345501  829.10123   79  109  846.99827  821.40955  3.02%  13.0 2642s
 715534 346063 infeasible   89       846.99827  821.41613  3.02%  13.0 2647s
 716736 346670  830.60038   68  110  846.99827  821.42195  3.02%  13.0 2651s
 717579 346927  834.12692   78   83  846.99827  821.42448  3.02%  13.0 2655s
 718609 347619  835.37539   90  108  846.99827  821.42692  3.02%  13.0 2660s
 720195 348231  829.12112   58  128  846.99827  821.43334  3.02%  13.0 2665s
 721881 349059  829.76049   97  113  846.99827  821.44076  3.02%  13.0 2671s
 723184 349598  826.24610   75  102  846.99827  821.44551  3.02%  13.1 2676s
 724537 350178  839.65203   84  108  846.99827  821.45215  3.02%  13.1 2680s
 725839 350795  832.14886   61  137  846.99827  821.45732  3.02%  13.1 2686s
 726384 350997  829.40034   83  108  846.99827  821.45953  3.02%  13.1 2690s
 726821 351360  825.92706   76  116  846.99827  821.46106  3.02%  13.1 2696s
 727547 351736  832.15112   78   88  846.99827  821.46335  3.01%  13.1 2703s
 728354 352009  840.47592   89  101  846.99827  821.46562  3.01%  13.1 2708s
 728907 352260  829.63338   73  114  846.99827  821.47016  3.01%  13.1 2713s
 729447 352689  830.19640   61   99  846.99827  821.47305  3.01%  13.1 2716s
 730304 352929  828.07055   72   92  846.99827  821.47705  3.01%  13.1 2721s
 731367 353457  827.25674   67  115  846.99827  821.48202  3.01%  13.1 2726s
 731992 353843 infeasible   94       846.99827  821.48435  3.01%  13.1 2730s
 733329 354496  833.49336   67  113  846.99827  821.48909  3.01%  13.1 2736s
 734760 355130  845.10532   79   76  846.99827  821.49386  3.01%  13.1 2741s
 735514 355402  828.97498   74  106  846.99827  821.49704  3.01%  13.1 2746s
 736850 355979  831.00008   71   79  846.99827  821.50435  3.01%  13.1 2751s
 738158 356672 infeasible  109       846.99827  821.51038  3.01%  13.2 2757s
 739557 357240  827.32525   70   92  846.99827  821.51590  3.01%  13.2 2762s
 740124 357562  827.39914   68  107  846.99827  821.51803  3.01%  13.2 2765s
 741361 358114  845.54705   90  110  846.99827  821.52455  3.01%  13.2 2770s
 742796 358782  827.69120   67   85  846.99827  821.53271  3.01%  13.2 2775s
 744051 359428  834.03420   98  107  846.99827  821.53737  3.01%  13.2 2781s
 745430 359910 infeasible   86       846.99827  821.54513  3.01%  13.2 2785s
 746891 360518  827.04146   64  104  846.99827  821.55048  3.00%  13.2 2790s
 748026 361163  830.51074   71   94  846.99827  821.55586  3.00%  13.2 2795s
 749492 361757  839.23837   79  107  846.99827  821.56115  3.00%  13.2 2800s
 750801 362548 infeasible   89       846.99827  821.56770  3.00%  13.2 2806s
 752069 362941  826.60680   72  113  846.99827  821.57285  3.00%  13.2 2812s
 752490 363201  830.56761   78  102  846.99827  821.57467  3.00%  13.2 2815s
 753648 363785  834.52956   69  126  846.99827  821.57843  3.00%  13.2 2822s
 754149 364062  841.32388   83   92  846.99827  821.57985  3.00%  13.2 2825s
 755484 364504  841.38652   87   87  846.99827  821.58644  3.00%  13.3 2830s
 756244 365081  827.26520   71   83  846.99827  821.58965  3.00%  13.3 2837s
 757543 365696     cutoff   91       846.99827  821.59548  3.00%  13.3 2841s
 758511 366186 infeasible   82       846.99827  821.59827  3.00%  13.3 2846s
 759785 366874  826.21906   75  101  846.99827  821.60502  3.00%  13.3 2852s
 760666 367166  844.68591   64  100  846.99827  821.60800  3.00%  13.3 2855s
 761309 367517  831.94315   86  106  846.99827  821.61005  3.00%  13.3 2865s
 762114 367693 infeasible   97       846.99827  821.61287  3.00%  13.3 2878s
 762556 368023  829.80221   73  110  846.99827  821.61453  3.00%  13.3 2881s
 763819 368500  843.99133   81   91  846.99827  821.62172  3.00%  13.3 2885s
 764803 369130  830.37928   93   96  846.99827  821.62648  3.00%  13.3 2890s
 766398 369822  833.50129   80  109  846.99827  821.63402  2.99%  13.3 2895s
 767939 370352  828.71402   67  137  846.99827  821.64037  2.99%  13.3 2900s
 769029 370908     cutoff   81       846.99827  821.64425  2.99%  13.3 2906s
 770138 371569 infeasible   87       846.99827  821.65010  2.99%  13.3 2910s
 771701 371941  835.71684   79  103  846.99827  821.65672  2.99%  13.3 2916s
 771721 371955  835.86921   82   97  846.99827  821.65672  2.99%  13.3 2920s
 771844 372042  836.50172   86   97  846.99827  821.65799  2.99%  13.4 2926s
 772143 372278  836.83052   88   97  846.99827  821.65834  2.99%  13.4 2933s
 772460 372442  836.96717   89   95  846.99827  821.65925  2.99%  13.4 2936s
 773001 372714  831.18028   72   98  846.99827  821.65925  2.99%  13.4 2940s
 774120 373314  832.23121   68  104  846.99827  821.66721  2.99%  13.4 2946s
 775611 373937  829.79198   70  114  846.99827  821.67552  2.99%  13.4 2952s
 776186 374248  832.73261   69   96  846.99827  821.67854  2.99%  13.4 2955s
 777665 374854  830.85451   76   80  846.99827  821.68518  2.99%  13.4 2961s
 778467 375186  831.07771   59  103  846.99827  821.68835  2.99%  13.4 2965s
 779880 375837  826.26781   68  112  846.99827  821.69339  2.99%  13.4 2971s
 780574 376374     cutoff   74       846.99827  821.69665  2.99%  13.4 2975s
 782363 376871  841.45182   73  103  846.99827  821.70366  2.99%  13.4 2981s
 783421 377239     cutoff   77       846.99827  821.70685  2.99%  13.4 2986s
 784355 377759  845.96305   82   90  846.99827  821.71119  2.99%  13.4 2991s
 785913 378331  826.33599   71   98  846.99827  821.71719  2.98%  13.4 2996s
 787108 378915  837.08999   95  114  846.99827  821.72082  2.98%  13.4 3001s
 788697 379504  828.69198   75  106  846.99827  821.72803  2.98%  13.5 3006s
 789728 380112  834.01065   78   99  846.99827  821.73231  2.98%  13.5 3011s
 791072 380716  845.70197   88   94  846.99827  821.73823  2.98%  13.5 3016s
 792667 381433  827.90026   62  107  846.99827  821.74430  2.98%  13.5 3022s
 793374 381791  846.41107   81   92  846.99827  821.74635  2.98%  13.5 3025s
 794618 382330  834.96166   78   81  846.99827  821.75219  2.98%  13.5 3031s
 795943 382761  844.84113   93   83  846.99827  821.75664  2.98%  13.5 3036s
 797106 383383  841.27960   79   94  846.99827  821.76124  2.98%  13.5 3041s
 797588 383694  828.35456   76  100  846.99827  821.76211  2.98%  13.5 3045s
 799156 384296  837.39493   87   99  846.99827  821.76656  2.98%  13.5 3051s
 800462 384816  835.22301   88  105  846.99827  821.77127  2.98%  13.5 3055s
 801635 385576  834.01420   84  111  846.99827  821.77680  2.98%  13.5 3062s
 802807 385876  834.38131   90  102  846.99827  821.77960  2.98%  13.5 3065s
 803554 386241 infeasible   77       846.99827  821.78474  2.98%  13.5 3071s
 803799 386634  836.73312   98   84  846.99827  821.78614  2.98%  13.5 3075s
 805153 387126  840.71925   79   97  846.99827  821.78996  2.98%  13.5 3080s
 806425 387730     cutoff   78       846.99827  821.79566  2.98%  13.5 3085s
 807612 388466  845.10885   79  115  846.99827  821.80300  2.97%  13.6 3092s
 808698 388746  838.89628   86  100  846.99827  821.80699  2.97%  13.6 3096s
 809747 389276  831.15717   97  122  846.99827  821.81146  2.97%  13.6 3103s
 810419 389532  835.32575   84  105  846.99827  821.81421  2.97%  13.6 3111s
 810999 389898  844.41502   70   88  846.99827  821.81508  2.97%  13.6 3115s
 812213 390399  839.73834   77   97  846.99827  821.82133  2.97%  13.6 3122s
 813587 391092  837.29960   81  114  846.99827  821.82637  2.97%  13.6 3128s
 814338 391292  839.76766   88   92  846.99827  821.82668  2.97%  13.6 3130s
 815665 391925  827.90282   75  107  846.99827  821.83396  2.97%  13.6 3135s
 816938 392714     cutoff  108       846.99827  821.83824  2.97%  13.6 3142s
 818292 393336  828.23572   78  107  846.99827  821.84332  2.97%  13.6 3147s
 819114 393569  831.15547   79  115  846.99827  821.84806  2.97%  13.6 3150s
 820251 394149  834.72791   86  102  846.99827  821.85278  2.97%  13.6 3156s
 821337 394680  826.34804   74   99  846.99827  821.85772  2.97%  13.6 3161s
 822640 395041  830.99384   81  109  846.99827  821.86335  2.97%  13.6 3166s
 823707 395582  829.27543   72   92  846.99827  821.86827  2.97%  13.6 3171s
 825045 396323  831.38076   72  111  846.99827  821.87326  2.97%  13.6 3176s
 826715 396880  831.67525   63  113  846.99827  821.88096  2.97%  13.7 3182s
 827714 397349  827.67428   66  102  846.99827  821.88645  2.96%  13.7 3187s
 828269 397759  836.23427   79  110  846.99827  821.88851  2.96%  13.7 3190s
 829851 398480 infeasible   86       846.99827  821.89485  2.96%  13.7 3196s
 831207 398899 infeasible   81       846.99827  821.90011  2.96%  13.7 3203s
 831791 399121  845.14726   81  104  846.99827  821.90308  2.96%  13.7 3207s
 832806 399594  831.68400   77  105  846.99827  821.90789  2.96%  13.7 3212s
 833412 399926  833.39095   70  100  846.99827  821.90944  2.96%  13.7 3215s
 834578 400439  828.05325   80  112  846.99827  821.91402  2.96%  13.7 3220s
 835789 400998  843.56549   79   99  846.99827  821.91936  2.96%  13.7 3228s
 836552 401248  826.64308   78  100  846.99827  821.92373  2.96%  13.7 3237s
 837023 401672  840.95070   68   95  846.99827  821.92534  2.96%  13.7 3242s
 837829 401863  839.78159   86  112  846.99827  821.92907  2.96%  13.7 3246s
 838273 402193  830.41031   96  103  846.99827  821.93185  2.96%  13.7 3250s
 839707 402964     cutoff   89       846.99827  821.93682  2.96%  13.7 3257s
 841028 403413  828.29124   73   88  846.99827  821.94207  2.96%  13.7 3261s
 842029 404096  836.06668   75  106  846.99827  821.94475  2.96%  13.7 3267s
 842898 404458  825.38002   67  112  846.99827  821.94875  2.96%  13.7 3270s
 844409 405178  846.53979   73  122  846.99827  821.95342  2.96%  13.7 3276s
 845637 405685  827.94542   74  117  846.99827  821.96038  2.96%  13.7 3285s
 846282 405974  835.55335   74  126  846.99827  821.96344  2.96%  13.8 3294s
 846831 406043  830.83658   90   81  846.99827  821.96619  2.96%  13.8 3300s
 846993 406222  830.86158   91   75  846.99827  821.96619  2.96%  13.8 3305s
 848039 406823 infeasible   78       846.99827  821.97027  2.95%  13.8 3311s
 848664 407261  834.49105   74  114  846.99827  821.97202  2.95%  13.8 3315s
 850598 408021  837.38964   79  118  846.99827  821.98065  2.95%  13.8 3321s
 852008 408836  841.17909   96  112  846.99827  821.98567  2.95%  13.8 3328s
 852912 409129  828.51400   72  100  846.99827  821.98877  2.95%  13.8 3330s
 854296 409847  829.61746   68  108  846.99827  821.99300  2.95%  13.8 3336s
 855531 410500  831.34104   76  103  846.99827  821.99658  2.95%  13.8 3344s
 856336 410889 infeasible   91       846.99827  822.00129  2.95%  13.8 3352s
 857115 411122  825.24072   65   98  846.99827  822.00383  2.95%  13.8 3361s
 857692 411410  836.54847   87  121  846.99827  822.00624  2.95%  13.8 3367s
 858335 411684  831.43043   96  110  846.99827  822.00786  2.95%  13.8 3376s
 859004 411925  830.99968   65  110  846.99827  822.01041  2.95%  13.8 3384s
 859488 412265  828.65585   80  105  846.99827  822.01251  2.95%  13.8 3388s
 860223 412492  842.76842   86  106  846.99827  822.01707  2.95%  13.8 3391s
 861447 413237  834.69732   85  108  846.99827  822.02182  2.95%  13.8 3397s
 862717 413669  840.55608   78   96  846.99827  822.02737  2.95%  13.8 3401s
 863230 414024  827.39708   83  139  846.99827  822.02953  2.95%  13.8 3406s
 864658 414614  831.13977   86  107  846.99827  822.03586  2.95%  13.8 3411s
 866156 415280  831.03550   78   98  846.99827  822.04183  2.95%  13.8 3417s
 866630 415581  831.57642   79  128  846.99827  822.04309  2.95%  13.8 3420s
 867846 416105  841.47698   88  105  846.99827  822.04608  2.95%  13.9 3427s
 868988 416558  846.34625   70  107  846.99827  822.05093  2.95%  13.9 3431s
 870393 417096     cutoff   83       846.99827  822.05544  2.94%  13.9 3437s
 870892 417420  829.76401   74   80  846.99827  822.05770  2.94%  13.9 3441s
 872139 418033  828.23427   82  102  846.99827  822.06289  2.94%  13.9 3446s
 873546 418566  829.61189   69  134  846.99827  822.06807  2.94%  13.9 3452s
 874028 418925  841.41675   66  109  846.99827  822.07032  2.94%  13.9 3457s
 874786 419201  830.59871   79   76  846.99827  822.07241  2.94%  13.9 3460s
 875891 419778  828.08122   76   99  846.99827  822.07472  2.94%  13.9 3466s
 876541 420058  837.80967   77  106  846.99827  822.07958  2.94%  13.9 3475s
 878353 420823  826.54784   74  113  846.99827  822.08766  2.94%  13.9 3484s
 879044 421034  838.03822   76  114  846.99827  822.08974  2.94%  13.9 3489s
 879529 421230  832.90334   75   83  846.99827  822.09164  2.94%  13.9 3491s
 880556 421829  826.31642   77  102  846.99827  822.09747  2.94%  13.9 3496s
 881948 422344  842.79647   77   92  846.99827  822.10253  2.94%  13.9 3502s
 883089 422944  830.62687   73   94  846.99827  822.10636  2.94%  13.9 3507s
 883805 423138  842.02498  104   87  846.99827  822.10977  2.94%  13.9 3510s
 885329 424006  836.47302   70  105  846.99827  822.11592  2.94%  13.9 3516s
 886505 424628  828.18803   68   97  846.99827  822.12041  2.94%  13.9 3522s
 887282 424954  831.83791   78   79  846.99827  822.12236  2.94%  13.9 3525s
 888491 425529  829.27532   83   90  846.99827  822.12763  2.94%  13.9 3530s
 889897 426010  832.53070   83  106  846.99827  822.13209  2.94%  13.9 3535s
 891067 426593 infeasible   86       846.99827  822.13607  2.94%  13.9 3540s
 891806 426706  836.40217   73  102  846.99827  822.14021  2.93%  14.0 3545s
 892256 427122  827.99934   78  102  846.99827  822.14148  2.93%  14.0 3550s
 893558 427747  832.20661   78  126  846.99827  822.14622  2.93%  14.0 3556s
 894802 428507  833.53059   88  104  846.99827  822.15195  2.93%  14.0 3562s
 895564 428748  841.53085   95  102  846.99827  822.15443  2.93%  14.0 3565s
 896908 429407  841.06969   79   89  846.99827  822.15944  2.93%  14.0 3572s
 897396 429795  837.05070   88  108  846.99827  822.16135  2.93%  14.0 3575s
 898771 430234  830.74165   76  111  846.99827  822.16690  2.93%  14.0 3580s
 900147 431005  833.46838   80  100  846.99827  822.17378  2.93%  14.0 3588s
 900936 431252  840.11514   81   88  846.99827  822.17669  2.93%  14.0 3591s
 902262 432024  839.72242   93  108  846.99827  822.18180  2.93%  14.0 3597s
 903478 432204  830.05448   69  112  846.99827  822.18549  2.93%  14.0 3600s

Cutting planes:
  Learned: 12
  Gomory: 78
  Cover: 129
  Implied bound: 73
  Projected implied bound: 9
  MIR: 94
  Mixing: 16
  StrongCG: 2
  Flow cover: 412
  GUB cover: 12
  Inf proof: 98
  Zero half: 79
  RLT: 53
  Relax-and-lift: 52

Explored 903510 nodes (12653453 simplex iterations) in 3600.23 seconds (1106.11 work units)
Thread count was 12 (of 12 available processors)

Solution count 10: 846.998 847.26 848.491 ... 882.06

Time limit reached
Best objective 8.469982662582e+02, best bound 8.221857505035e+02, gap 2.9295%
