
Gurobi 13.0.3 (win64) logging started Mon Sep  7 14:32:26 2026

Set parameter LogFile to value "log_C3_gurobi_direct_1800.txt"
Gurobi Optimizer version 13.0.3 build v13.0.3rc0 (win64 - Windows 11+.0 (26200.2))

CPU model: Intel(R) Core(TM) i7-10750H CPU @ 2.60GHz, instruction set [SSE2|AVX|AVX2]
Thread count: 6 physical cores, 12 logical processors, using up to 12 threads

Non-default parameters:
TimeLimit  1800
LogToConsole  0

Academic license 2858061 - for non-commercial use only - registered to mf___@aluno.puc-rio.br
Optimize a model with 1729 rows, 3322 columns and 19446 nonzeros (Min)
Model fingerprint: 0xfac81871
Model has 3282 linear objective coefficients
Variable types: 40 continuous, 3282 integer (3282 binary)
Coefficient statistics:
  Matrix range     [1e+00, 3e+03]
  Objective range  [8e-01, 6e+02]
  Bounds range     [1e+00, 4e+01]
  RHS range        [1e+00, 9e+02]

Presolve removed 3 rows and 1 columns
Presolve time: 0.19s
Presolved: 1726 rows, 3321 columns, 19362 nonzeros
Variable types: 40 continuous, 3281 integer (3281 binary)
Found heuristic solution: objective 2392.3330120

Root relaxation: objective 6.881732e+02, 155 iterations, 0.01 seconds (0.00 work units)

    Nodes    |    Current Node    |     Objective Bounds      |     Work
 Expl Unexpl |  Obj  Depth IntInf | Incumbent    BestBd   Gap | It/Node Time

     0     0  688.17316    0   75 2392.33301  688.17316  71.2%     -    0s
H    0     0                    2357.4279931  688.17316  70.8%     -    2s
H    0     0                    1380.0648644  688.17316  50.1%     -    2s
     0     0  724.16059    0   96 1380.06486  724.16059  47.5%     -    3s
H    0     0                    1379.8489738  724.16059  47.5%     -    4s
H    0     0                    1183.5448968  724.17726  38.8%     -    5s
     0     0  724.17726    0  115 1183.54490  724.17726  38.8%     -    5s
     0     0  724.17726    0  115 1183.54490  724.17726  38.8%     -    5s
     0     0  776.69782    0   82 1183.54490  776.69782  34.4%     -    5s
     0     0  780.51959    0   75 1183.54490  780.51959  34.1%     -    5s
     0     0  780.51959    0   69 1183.54490  780.51959  34.1%     -    5s
     0     0  780.51959    0   69 1183.54490  780.51959  34.1%     -    5s
     0     0  780.51959    0   73 1183.54490  780.51959  34.1%     -    5s
     0     0  781.55952    0   73 1183.54490  781.55952  34.0%     -    5s
     0     0  781.55952    0   73 1183.54490  781.55952  34.0%     -    5s
     0     0  781.55952    0   69 1183.54490  781.55952  34.0%     -    5s
     0     0  781.55952    0   69 1183.54490  781.55952  34.0%     -    7s
     0     0  781.55952    0   69 1183.54490  781.55952  34.0%     -    7s
     0     2  781.57265    0   69 1183.54490  781.57265  34.0%     -    9s
H  205   210                    1174.1971896  781.70723  33.4%  12.9   10s
H  210   210                    1171.9162870  781.70723  33.3%  13.2   10s
H  218   222                    1169.6287252  781.70723  33.2%  13.3   10s
H 1284  1228                    1168.7895067  781.70723  33.1%   9.0   10s
H 1286  1228                    1166.9557705  781.70723  33.0%   9.0   10s
H 1304  1246                    1158.2792324  781.70723  32.5%   9.0   10s
  1951  1849  788.15321   14   69 1158.27923  781.71691  32.5%   8.7   15s
H 1952  1757                    1130.2588073  781.71691  30.8%   8.7   16s
H 1952  1669                    1129.9227687  781.71691  30.8%   8.7   17s
H 1953  1586                    1091.2950553  781.71691  28.4%   8.7   18s
  1962  1592  849.45304   80   77 1091.29506  783.41637  28.2%   8.6   20s
H 1969  1516                    1091.0332023  783.42452  28.2%   8.6   22s
  1970  1517 1001.69956  152   84 1091.03320  783.42452  28.2%   8.6   26s
  2153  1657  784.15958   20   66 1091.03320  784.15958  28.1%  10.7   30s
H 2224  1617                    1086.5218104  784.15958  27.8%  11.0   32s
H 2484  1707                     935.0656597  784.15958  16.1%  12.2   34s
  2571  1831  785.79201   35   69  935.06566  784.15958  16.1%  12.5   35s
H 3307  2068                     923.7710718  784.15958  15.1%  12.8   37s
H 3312  1973                     897.0691842  784.15958  12.6%  12.8   37s
H 3313  1905                     892.7051374  784.15958  12.2%  12.8   37s
  4222  2288  807.95019  103   50  892.70514  784.15958  12.2%  12.6   40s
  7512  4052  827.70953   32   50  892.70514  784.15958  12.2%  12.0   45s
H 7678  3964                     884.2918444  784.15958  11.3%  12.0   45s
H 7866  3517                     862.3532731  784.15958  9.07%  12.0   46s
H 7869  3201                     852.8799612  784.15958  8.06%  12.0   46s
 11190  6326  784.59409   17   70  852.87996  784.15958  8.06%  11.9   50s
 14011  8327 infeasible   46       852.87996  784.57543  8.01%  12.0   55s
 17798 10556  831.17131   95   69  852.87996  784.84592  7.98%  12.0   60s
H17800 10029                     847.6115425  784.84592  7.40%  12.0   61s
H17800  9527                     838.8856179  784.84592  6.44%  12.0   61s
 17810  9534  824.13006   35  100  838.88562  784.84592  6.44%  12.0   65s
 17823  9544  787.97248   26   82  838.88562  784.85897  6.44%  12.0   70s
H17823  9066                     834.7655837  784.85897  5.98%  12.0   71s
H17828  8615                     833.9418463  784.93380  5.88%  12.0   72s
 17835  8620  831.46760   68  119  833.94185  785.13841  5.85%  12.0   75s
H17835  8189                     831.8617438  785.14407  5.62%  12.0   75s
 17923  8262  787.56701   35  105  831.86174  785.42453  5.58%  12.2   80s
H17943  7862                     829.9680608  785.42453  5.37%  12.2   80s
 18125  7939  786.57150   43  101  829.96806  785.43541  5.37%  12.4   85s
 18236  7979  799.89217   47   77  829.96806  785.60803  5.34%  12.5   90s
 18735  8234  803.85066   53   42  829.96806  785.76818  5.33%  12.8   95s
 21406  9362  825.15166   54   65  829.96806  786.22176  5.27%  13.2  100s
H23784  9405                     829.7449503  786.88507  5.17%  13.8  103s
 25089 10145  793.23577   48   88  829.74495  787.25481  5.12%  14.1  105s
 27718 10628  790.17753   46   64  829.74495  787.95930  5.04%  14.2  110s
H27731 10173                     828.7520022  787.95930  4.92%  14.2  111s
 31915 12423  807.91388   60   94  828.75200  788.52614  4.85%  14.2  115s
H35533 12556                     828.5108835  789.03979  4.76%  14.3  119s
 35536 12558  810.64751   36   63  828.51088  789.03979  4.76%  14.3  120s
H35537 11931                     827.8273918  789.03979  4.69%  14.3  120s
 35556 11944  825.06632   90  105  827.82739  789.03979  4.69%  14.3  125s
 35568 11952  792.17197   43  150  827.82739  789.03979  4.69%  14.3  130s
 35960 12178  791.60576   59   28  827.82739  789.03979  4.69%  14.5  135s
 38979 13360  789.03979   50   74  827.82739  789.03979  4.69%  14.3  140s
 44004 15105     cutoff  134       827.82739  789.04623  4.68%  14.3  145s
 47852 16221  799.30103   60   60  827.82739  789.37817  4.64%  14.2  150s
 51593 17721  792.67034   55   57  827.82739  789.52338  4.63%  14.2  155s
 56479 19002  794.44378  120   64  827.82739  789.71244  4.60%  14.1  160s
 61474 20808  792.69346   61   99  827.82739  789.83031  4.59%  14.1  165s
 66593 21907  791.21878   73   20  827.82739  789.99502  4.57%  14.0  170s
 68159 23136  795.19290   77   26  827.82739  790.01097  4.57%  14.0  175s
 72460 24030  815.04469  133   69  827.82739  790.08815  4.56%  14.0  198s
 72468 24035  794.02805   51  147  827.82739  790.08815  4.56%  14.0  200s
 72475 24040  813.36539   81   62  827.82739  790.08815  4.56%  14.0  205s
 72483 24045  793.54401   82  139  827.82739  790.08815  4.56%  14.0  210s
 72489 24049  799.35699   86  140  827.82739  790.08815  4.56%  14.0  215s
 72496 24054  813.79750   65   76  827.82739  790.08815  4.56%  14.0  220s
 72501 24057  791.79151   57   76  827.82739  790.08815  4.56%  14.0  226s
 72504 24059  799.92825   89   76  827.82739  790.08815  4.56%  14.0  230s
 72508 24062  790.17271   59   76  827.82739  790.08815  4.56%  14.0  235s
 72666 24163  791.22108   62   70  827.82739  790.08815  4.56%  14.1  240s
 72822 24193  804.67256   66   76  827.82739  790.08815  4.56%  14.1  245s
 73208 24308  800.83914   74   87  827.82739  790.08815  4.56%  14.3  250s
 74694 24808  805.95174  124  114  827.82739  790.08815  4.56%  14.6  255s
 76538 25555  810.48631   79   86  827.82739  790.19540  4.55%  14.9  260s
 80151 26539  806.73526   81   92  827.82739  790.69666  4.49%  15.4  265s
 83619 27161  793.33593   79  109  827.82739  791.10295  4.44%  15.9  270s
 86236 27702  793.39713   77  102  827.82739  791.29218  4.41%  16.3  275s
 89403 28634  793.24276   79   83  827.82739  791.43169  4.40%  16.9  281s
 90562 30146  792.03989   65   65  827.82739  791.51332  4.39%  17.0  289s
 94129 29639  799.33328   67   66  827.82739  791.65065  4.37%  17.4  291s
 96839 29946  797.92763   78   72  827.82739  791.80540  4.35%  17.7  296s
 100455 30650  801.84709   95   96  827.82739  791.97567  4.33%  18.1  301s
 103689 30724  792.86464   77  109  827.82739  792.13802  4.31%  18.4  305s
 107164 31069 infeasible   89       827.82739  792.22981  4.30%  18.6  311s
 107837 31482  796.51054   80  106  827.82739  792.24269  4.30%  18.7  316s
 110332 31749  794.59048   66   15  827.82739  792.32363  4.29%  19.0  321s
 111007 31978  794.88270   78   63  827.82739  792.34996  4.29%  19.1  325s
 112005 31666  796.13012   76   62  827.82739  792.38505  4.28%  19.1  332s
 112041 31965  815.24437   82   79  827.82739  792.38505  4.28%  19.2  335s
 113902 32823  802.18316   80   74  827.82739  792.45137  4.27%  19.4  341s
 118174 32739  818.76534   86   48  827.82739  792.57069  4.26%  19.7  346s
 120802 33205     cutoff   90       827.82739  792.64746  4.25%  19.9  351s
 123907 33287  807.24120   84   98  827.82739  792.73321  4.24%  20.1  356s
 126585 34053  807.12151   68   78  827.82739  792.78802  4.23%  20.3  360s
 130672 34205  796.87642   70   72  827.82739  792.91583  4.22%  20.5  365s
 135825 34716  799.34511   73   21  827.82739  793.06473  4.20%  20.8  371s
 139495 34659  803.71018   72   83  827.82739  793.15112  4.19%  20.9  376s
 143553 34694  798.39072   72   88  827.82739  793.23689  4.18%  21.1  380s
 147338 36069  802.99662   82   83  827.82739  793.30596  4.17%  21.3  385s
 152247 37687  820.83675   80   62  827.82739  793.40334  4.16%  21.5  391s
 155409 39328  793.71609   82   72  827.82739  793.47338  4.15%  21.6  396s
 159185 40778  805.88574   73  114  827.82739  793.54272  4.14%  21.7  401s
 162144 41632  820.82775  123  134  827.82739  793.60873  4.13%  21.8  405s
 165233 43493  798.10058   68  106  827.82739  793.67416  4.13%  21.9  412s
 169323 44599  809.50223   78  120  827.82739  793.74699  4.12%  22.0  416s
 171865 45854     cutoff   74       827.82739  793.79659  4.11%  22.1  420s
 175772 47269  795.88399   89  103  827.82739  793.87411  4.10%  22.1  425s
 180525 49022  820.30686   77   72  827.82739  793.95690  4.09%  22.3  431s
 182477 49831  810.38682   76   60  827.82739  793.99371  4.09%  22.3  436s
 186421 51046  795.62768   88  119  827.82739  794.06327  4.08%  22.4  441s
 190105 52105  798.14129   82   55  827.82739  794.10785  4.07%  22.5  445s
 192149 53249  803.74206   95   73  827.82739  794.12670  4.07%  22.6  451s
 195605 54175  799.63842   75   66  827.82739  794.17908  4.06%  22.6  455s
 198275 55133  799.00493   68   66  827.82739  794.22029  4.06%  22.6  460s
 201594 57147  812.88772   70   76  827.82739  794.25628  4.06%  22.7  467s
 205782 57982  806.71289   97  107  827.82739  794.33125  4.05%  22.7  471s
 208665 59156  812.10601   80   70  827.82739  794.38730  4.04%  22.8  476s
 211010 59850 infeasible   87       827.82739  794.41793  4.04%  22.8  480s
 214715 61346  797.51060   76   63  827.82739  794.46880  4.03%  22.9  486s
 217565 62126  796.82746   67  120  827.82739  794.51757  4.02%  22.9  490s
 220979 63324  796.10085   74   60  827.82739  794.56828  4.02%  23.0  496s
 223162 64092  797.45645   79   86  827.82739  794.60143  4.01%  23.1  502s
 226138 65452  796.69165   75  115  827.82739  794.63460  4.01%  23.2  506s
 228599 65960  803.28940   83   62  827.82739  794.67325  4.00%  23.4  510s
 231105 66681  819.05974   85   97  827.82739  794.69431  4.00%  23.5  515s
 232851 67611  802.36269   74   60  827.82739  794.70340  4.00%  23.6  521s
 235697 68213 infeasible   81       827.82739  794.74907  4.00%  23.6  527s
 237787 68945  794.76646   84  100  827.82739  794.76646  3.99%  23.7  530s
 238997 69976  798.86726   70   70  827.82739  794.78158  3.99%  23.7  542s
 242020 70863  799.19909   71   64  827.82739  794.78158  3.99%  23.8  547s
 244715 71800  799.24018   72   72  827.82739  794.79571  3.99%  23.8  551s
 248322 72871  800.13199   86   91  827.82739  794.90455  3.98%  23.9  556s
 251863 73731  801.23836   82   84  827.82739  794.95396  3.97%  23.9  561s
 254715 74739  796.27967   73  108  827.82739  794.98719  3.97%  24.0  566s
 257669 75878  798.50217   72   65  827.82739  795.03483  3.96%  24.0  571s
 260569 76596 infeasible   85       827.82739  795.06915  3.96%  24.0  575s
 263974 77527     cutoff   83       827.82739  795.09417  3.95%  24.1  581s
 266353 78204  809.18272   95   95  827.82739  795.12037  3.95%  24.2  585s
 269789 79022  804.60118   77   72  827.82739  795.17107  3.94%  24.3  590s
 271214 79788 infeasible   76       827.82739  795.17808  3.94%  24.3  595s
 275487 80960  799.47949   87  100  827.82739  795.24100  3.94%  24.3  601s
 278716 82312  797.51287   76   83  827.82739  795.27925  3.93%  24.3  607s
 280984 82997  800.50826   73   96  827.82739  795.31310  3.93%  24.4  611s
 283756 83704  814.44234   85   93  827.82739  795.35234  3.92%  24.4  616s
 286115 84644  799.13242   98   51  827.82739  795.38262  3.92%  24.4  620s
 288634 85266  801.90773   79   88  827.82739  795.41267  3.92%  24.5  625s
 292187 86190  821.49051   76   93  827.82739  795.45981  3.91%  24.5  631s
 294301 87087  808.64694   90   86  827.82739  795.48205  3.91%  24.6  637s
 297017 87784  796.74888   74   79  827.82739  795.51422  3.90%  24.6  642s
 299293 88555  808.47429   89   87  827.82739  795.52867  3.90%  24.6  646s
 302443 89320  796.66475   82   50  827.82739  795.57877  3.90%  24.7  650s
 304899 90343 infeasible   73       827.82739  795.60019  3.89%  24.7  656s
 307506 91141     cutoff  101       827.82739  795.63332  3.89%  24.7  660s
 309989 91939 infeasible  100       827.82739  795.66550  3.89%  24.7  665s
 313273 92578  806.54164   76   99  827.82739  795.69861  3.88%  24.7  670s
 316086 93827  805.38145   67   88  827.82739  795.73401  3.88%  24.8  677s
 318540 94597  811.85812   71  110  827.82739  795.76504  3.87%  24.8  682s
 321562 95355 infeasible   68       827.82739  795.79410  3.87%  24.8  687s
 324018 96041     cutoff   91       827.82739  795.82533  3.87%  24.9  691s
 326293 96691  809.15416   73   64  827.82739  795.84941  3.86%  24.9  696s
 328750 97295  799.27919   65   64  827.82739  795.87130  3.86%  24.9  700s
 331283 98024  799.15551   89   83  827.82739  795.89936  3.86%  24.9  705s
 333574 98681  797.91188   69   96  827.82739  795.92492  3.85%  24.9  710s
 337346 99928 infeasible   93       827.82739  795.96618  3.85%  24.9  717s
 339632 100327 infeasible   78       827.82739  795.98970  3.85%  25.0  721s
 342008 100983 infeasible   70       827.82739  796.01505  3.84%  25.0  727s
 343030 101228  816.62538   98   68  827.82739  796.02382  3.84%  25.0  730s
 344442 101530  805.92867   74   64  827.82739  796.03368  3.84%  25.0  738s
 344957 101657  806.62776   75   62  827.82739  796.03374  3.84%  25.0  740s
 345784 102001  807.43493   77   76  827.82739  796.03823  3.84%  25.0  745s
 348592 102977  810.77245   94   90  827.82739  796.07604  3.84%  25.0  753s
 350210 103603  811.64443   84   10  827.82739  796.09455  3.83%  25.1  758s
 352270 103871  812.73339   76   64  827.82739  796.11538  3.83%  25.1  761s
 354626 104902     cutoff   73       827.82739  796.13848  3.83%  25.1  767s
 356482 105110  797.84681   82  101  827.82739  796.16631  3.82%  25.1  770s
 358606 106022  801.57622   95   84  827.82739  796.18641  3.82%  25.1  776s
 362105 106773 infeasible   70       827.82739  796.21521  3.82%  25.1  781s
 364284 107496  798.34050   66   64  827.82739  796.23867  3.82%  25.1  786s
 365906 107701  803.00856   92   80  827.82739  796.25897  3.81%  25.1  790s
 368232 108607  799.10963   95  110  827.82739  796.28132  3.81%  25.1  796s
 371384 109355  807.37734   83   90  827.82739  796.31593  3.81%  25.1  801s
 374125 110011  820.90016   74  115  827.82739  796.34369  3.80%  25.2  807s
 375215 110431  807.14936   80   71  827.82739  796.34886  3.80%  25.2  810s
 377878 111253  819.89499   83   16  827.82739  796.37928  3.80%  25.2  815s
 380482 111571 infeasible   69       827.82739  796.39970  3.80%  25.2  820s
 381775 111936  814.21261   72   73  827.82739  796.40854  3.80%  25.2  825s
 383721 112510  804.36091   79  119  827.82739  796.42330  3.79%  25.2  830s
 386132 113713  807.68898   87   89  827.82739  796.45682  3.79%  25.2  837s
 389492 114431 infeasible   77       827.82739  796.48928  3.79%  25.3  842s
 391151 114891  811.41224  110  104  827.82739  796.50408  3.78%  25.3  845s
 393931 115627 infeasible   88       827.82739  796.52673  3.78%  25.3  850s
 397996 116491  803.25029   72   64  827.82739  796.57245  3.78%  25.3  857s
 399793 117246  799.01988   69   75  827.82739  796.59740  3.77%  25.3  861s
 402295 117957  821.19641   89   67  827.82739  796.62438  3.77%  25.3  867s
 404772 118601  803.45209   83   12  827.82739  796.64563  3.77%  25.3  871s
 406744 119228  799.06959   77   83  827.82739  796.66469  3.76%  25.4  875s
 409344 119818     cutoff   90       827.82739  796.69124  3.76%  25.4  880s
 412016 120219 infeasible   75       827.82739  796.71876  3.76%  25.4  885s
 412056 120223  799.69369   83  105  827.82739  796.71876  3.76%  25.4  890s
 412089 120274  800.54846   85  105  827.82739  796.71876  3.76%  25.4  895s
 413557 120907  803.27187   99   65  827.82739  796.72982  3.76%  25.5  901s
 415583 121520 infeasible   70       827.82739  796.74959  3.75%  25.5  906s
 417893 122153  805.11195   93   86  827.82739  796.77313  3.75%  25.5  911s
 420200 123087  810.70377   85  103  827.82739  796.79288  3.75%  25.5  916s
 421687 123114  815.57202  113  105  827.82739  796.80155  3.75%  25.6  920s
 422422 123536 infeasible  115       827.82739  796.80516  3.75%  25.6  926s
 424936 124259  809.47280   85   60  827.82739  796.83373  3.74%  25.6  932s
 426403 124864  804.46874   82   94  827.82739  796.84272  3.74%  25.6  935s
 429570 125695  816.43040   85  100  827.82739  796.87486  3.74%  25.6  941s
 432633 126312  816.22903   98   58  827.82739  796.89730  3.74%  25.7  946s
 435790 127122  802.54065   69   64  827.82739  796.92586  3.73%  25.7  951s
 437972 127890  811.76888   77   60  827.82739  796.94101  3.73%  25.7  956s
 440498 128451  812.84213   87   68  827.82739  796.96318  3.73%  25.7  961s
 442782 129247  798.74658   96   68  827.82739  796.98485  3.73%  25.7  966s
 445549 129981  815.24195   69   68  827.82739  797.00545  3.72%  25.7  970s
 448720 130813  810.25596   69   87  827.82739  797.03612  3.72%  25.7  977s
 450956 131220     cutoff   80       827.82739  797.05055  3.72%  25.8  981s
 452944 131639 infeasible   94       827.82739  797.07620  3.71%  25.8  985s
 455450 132265  800.96733   84   80  827.82739  797.10409  3.71%  25.8  990s
 457378 132729  810.58688   84   71  827.82739  797.12359  3.71%  25.8  996s
 459857 133339  821.40144   82   99  827.82739  797.14679  3.71%  25.8 1002s
 461325 133982  797.73498   90  101  827.82739  797.16032  3.70%  25.8 1006s
 464682 134531  806.40913   80   64  827.82739  797.19340  3.70%  25.8 1011s
 466942 135120  799.80141   76  109  827.82739  797.21329  3.70%  25.9 1016s
 469865 135894  800.60162   84   91  827.82739  797.23472  3.70%  25.9 1021s
 472034 136653  801.18078   84   79  827.82739  797.25335  3.69%  25.9 1027s
 475059 137300  819.97994   97   92  827.82739  797.28313  3.69%  25.9 1033s
 477560 137877 infeasible   83       827.82739  797.30190  3.69%  25.9 1037s
 479784 138387 infeasible   82       827.82739  797.32419  3.68%  25.9 1042s
 482609 139026  804.81086   70   64  827.82739  797.34660  3.68%  25.9 1046s
 484402 139687 infeasible   73       827.82739  797.36062  3.68%  25.9 1052s
 486964 140381  803.53934   83  108  827.82739  797.38859  3.68%  25.9 1058s
 488599 140575  803.73849   66  134  827.82739  797.39885  3.68%  25.9 1062s
 489406 141029  802.02714   88  140  827.82739  797.40624  3.67%  25.9 1065s
 491621 141294  811.13777   83  114  827.82739  797.42702  3.67%  26.0 1072s
 492426 141507  802.39874   87   96  827.82739  797.42779  3.67%  26.0 1076s
 493107 141644  807.99720   93   45  827.82739  797.43257  3.67%  26.0 1080s
 493772 142006  802.50090   78   88  827.82739  797.43257  3.67%  26.0 1087s
 495625 142328  801.40026  116   81  827.82739  797.46803  3.67%  26.0 1093s
 497087 142513  814.56217   86   57  827.82739  797.47932  3.67%  26.0 1097s
 498104 142795  814.45053   89   52  827.82739  797.48571  3.67%  26.1 1100s
 499417 143436  810.23306   67   63  827.82739  797.49792  3.66%  26.1 1105s
 501701 143615  802.40165   89  110  827.82739  797.51564  3.66%  26.1 1110s
 503929 144132 infeasible   78       827.82739  797.53914  3.66%  26.1 1118s
 505070 144337  800.98910   71   74  827.82739  797.55200  3.66%  26.1 1121s
 507360 144913 infeasible   86       827.82739  797.57046  3.65%  26.2 1129s
 508637 145304  798.11374   67   68  827.82739  797.58285  3.65%  26.2 1133s
 510156 145748     cutoff  109       827.82739  797.59502  3.65%  26.2 1137s
 512857 146276  802.15419   84   90  827.82739  797.61876  3.65%  26.2 1142s
 513982 146919  815.16863   96   61  827.82739  797.62645  3.65%  26.2 1146s
 517163 147401  813.03367   70  126  827.82739  797.65128  3.65%  26.2 1152s
 518212 147932  802.37764   74  136  827.82739  797.66504  3.64%  26.3 1155s
 520955 148565  803.67478   89   81  827.82739  797.68536  3.64%  26.3 1161s
 522718 148764     cutoff   80       827.82739  797.69314  3.64%  26.3 1165s
 524473 149443  811.50282   91  114  827.82739  797.71148  3.64%  26.3 1173s
 526368 149607  803.76980   92  103  827.82739  797.72538  3.64%  26.3 1176s
 528259 150397  805.94220   82   84  827.82739  797.74266  3.63%  26.3 1182s
 529877 150575  800.88879   76   86  827.82739  797.75185  3.63%  26.3 1186s
 532228 151558 infeasible   77       827.82739  797.77601  3.63%  26.3 1195s
 535389 151933  806.84140   68   69  827.82739  797.80551  3.63%  26.4 1200s
 537344 152452  800.13921   68   76  827.82739  797.82293  3.62%  26.4 1205s
 540444 153234  811.81664   81  121  827.82739  797.84830  3.62%  26.4 1211s
 542854 154048  806.98354   81   85  827.82739  797.86559  3.62%  26.4 1218s
 544732 154213  809.53666   83   51  827.82739  797.88033  3.62%  26.4 1222s
 545721 154450     cutoff   86       827.82739  797.88396  3.62%  26.4 1225s
 547881 154869  798.60330   79  119  827.82739  797.90848  3.61%  26.4 1233s
 548775 155253  821.30680   70   86  827.82739  797.91353  3.61%  26.4 1237s
 550288 155790 infeasible   75       827.82739  797.92659  3.61%  26.4 1242s
 552138 155953  805.74497   95   44  827.82739  797.93990  3.61%  26.4 1246s
 553099 156199  805.54148   81   75  827.82739  797.94838  3.61%  26.5 1250s
 555947 156954  820.86674   81   89  827.82739  797.97192  3.61%  26.5 1257s
 556887 157271  798.01445   94  139  827.82739  797.97899  3.61%  26.5 1260s
 557987 157730  799.71544   81  136  827.82739  797.98694  3.60%  26.5 1265s
 560699 158173 infeasible   78       827.82739  798.01384  3.60%  26.5 1271s
 561788 158502  799.09668   80  121  827.82739  798.02421  3.60%  26.5 1275s
 564419 158830 infeasible  112       827.82739  798.04417  3.60%  26.5 1281s
 565492 159039  802.15810   88   12  827.82739  798.05392  3.60%  26.5 1286s
 566705 159248  821.31343   89   93  827.82739  798.06494  3.60%  26.5 1292s
 567681 159527  806.79579   88   93  827.82739  798.07500  3.59%  26.5 1295s
 570771 160075  814.25372   74  100  827.82739  798.09418  3.59%  26.5 1302s
 572567 160263  803.63867   83  130  827.82739  798.10113  3.59%  26.6 1305s
 573668 160798  812.40112   75   67  827.82739  798.10806  3.59%  26.6 1312s
 574903 161350  818.83644   81  101  827.82739  798.13184  3.59%  26.6 1316s
 578174 161883  826.26672   83   58  827.82739  798.15286  3.58%  26.6 1323s
 579284 162160  806.17850   80   96  827.82739  798.16246  3.58%  26.6 1327s
 580761 162383  803.09883   85   73  827.82739  798.17444  3.58%  26.6 1331s
 583470 163036  805.74253   87   72  827.82739  798.19056  3.58%  26.6 1338s
 584631 163323  810.91984   90   80  827.82739  798.20305  3.58%  26.6 1341s
 585628 163839  816.19192   86   81  827.82739  798.20952  3.58%  26.6 1345s
 588664 164250 infeasible   78       827.82739  798.23336  3.57%  26.6 1350s
 590003 164417  801.06941   80   82  827.82739  798.23907  3.57%  26.6 1355s
 591195 164751  801.50637   82   80  827.82739  798.24416  3.57%  26.6 1361s
 592034 164991  803.52822   83   61  827.82739  798.24917  3.57%  26.7 1365s
 594198 165545  815.18683   82   12  827.82739  798.27896  3.57%  26.7 1371s
 595492 165831  805.66355   99  110  827.82739  798.29023  3.57%  26.7 1375s
 598148 166475  802.06105   90   70  827.82739  798.30946  3.57%  26.7 1382s
 599423 166793  805.99506   77  110  827.82739  798.31835  3.56%  26.7 1385s
 602492 167464  808.67176   77  113  827.82739  798.33532  3.56%  26.7 1393s
 603402 167776 infeasible   85       827.82739  798.34971  3.56%  26.8 1397s
 604886 168261  808.20634   84  139  827.82739  798.35884  3.56%  26.8 1401s
 606838 168447  800.12689   80   64  827.82739  798.37388  3.56%  26.8 1405s
 608909 168919  806.88270   80   62  827.82739  798.38980  3.56%  26.8 1410s
 611425 169501     cutoff   74       827.82739  798.41364  3.55%  26.8 1416s
 613761 170290  800.31186   84   68  827.82739  798.42852  3.55%  26.8 1424s
 615628 170507  798.89857   82  129  827.82739  798.44216  3.55%  26.8 1428s
 616726 170743 infeasible   71       827.82739  798.45459  3.55%  26.8 1431s
 619384 171207  800.05652   75   64  827.82739  798.47335  3.55%  26.8 1437s
 620605 171414  811.59314   75   91  827.82739  798.48223  3.54%  26.8 1440s
 623646 172176  802.08870   83   66  827.82739  798.50517  3.54%  26.8 1446s
 625420 172616  798.78658   68  110  827.82739  798.51870  3.54%  26.8 1452s
 626523 172772  807.59387   94   52  827.82739  798.52883  3.54%  26.8 1456s
 627524 173066  814.56698  106   77  827.82739  798.53558  3.54%  26.8 1460s
 630802 173851  822.86841   94   62  827.82739  798.55619  3.54%  26.8 1468s
 631780 174094  800.46283   74  120  827.82739  798.56566  3.53%  26.8 1471s
 633004 174255 infeasible   86       827.82739  798.57285  3.53%  26.8 1475s
 633754 174330  822.44663   88   66  827.82739  798.57908  3.53%  26.8 1480s
 634692 174560  807.15331   85   81  827.82739  798.58087  3.53%  26.9 1487s
 635142 174864  799.60326   80   21  827.82739  798.58087  3.53%  26.9 1491s
 636350 175094  816.96272   83   58  827.82739  798.59646  3.53%  26.9 1496s
 637690 175346 infeasible   88       827.82739  798.60556  3.53%  26.9 1500s
 640166 175820  804.95564   71   65  827.82739  798.62367  3.53%  26.9 1507s
 641284 176142  813.51649   89   79  827.82739  798.63395  3.53%  26.9 1511s
 642457 176707  814.33438   75  103  827.82739  798.64133  3.53%  26.9 1516s
 645426 177146  819.89712   85   94  827.82739  798.65870  3.52%  26.9 1523s
 646519 177474  817.60587   77   71  827.82739  798.67035  3.52%  26.9 1526s
 647772 177848 infeasible   84       827.82739  798.67848  3.52%  26.9 1531s
 649359 178065  815.15395   87   94  827.82739  798.68441  3.52%  26.9 1535s
 652084 178858     cutoff   70       827.82739  798.70596  3.52%  27.0 1543s
 653039 179035  802.83278   82  144  827.82739  798.71507  3.52%  27.0 1547s
 654263 179227  806.22585   90   59  827.82739  798.71834  3.52%  27.0 1551s
 655334 179609  806.06926   91  120  827.82739  798.72838  3.52%  27.0 1556s
 656665 180017  809.27393   82  131  827.82739  798.73534  3.51%  27.0 1561s
 658396 180204  805.78297   95   62  827.82739  798.74970  3.51%  27.0 1566s
 659296 180463  807.85793   97  127  827.82739  798.75438  3.51%  27.0 1570s
 662394 181425  799.52045   84   79  827.82739  798.77483  3.51%  27.0 1578s
 664369 181644  804.03014   83  132  827.82739  798.78962  3.51%  27.0 1583s
 665474 181993 infeasible   95       827.82739  798.79617  3.51%  27.0 1586s
 667189 182192 infeasible   89       827.82739  798.80606  3.51%  27.0 1591s
 668074 182350  805.76161   98  117  827.82739  798.81334  3.50%  27.0 1595s
 670069 182999  804.61279   75   62  827.82739  798.82456  3.50%  27.0 1602s
 672029 183164  804.69236   83   12  827.82739  798.83589  3.50%  27.0 1606s
 674353 183745  810.18240   89   48  827.82739  798.85155  3.50%  27.0 1613s
 675345 183986  817.49841   94   89  827.82739  798.85894  3.50%  27.0 1616s
 676378 184188 infeasible   92       827.82739  798.86664  3.50%  27.0 1620s
 677464 184733  805.33228   99   67  827.82739  798.87618  3.50%  27.0 1625s
 680371 185074  803.62788   92   79  827.82739  798.89513  3.49%  27.0 1631s
 682437 185553  804.63176   74   68  827.82739  798.90531  3.49%  27.0 1637s
 683544 186036  803.26634   77   71  827.82739  798.91517  3.49%  27.0 1641s
 686270 186561  799.89717   85  126  827.82739  798.93548  3.49%  27.1 1648s
 687350 186934     cutoff   85       827.82739  798.94068  3.49%  27.1 1653s
 688820 187121 infeasible   73       827.82739  798.94950  3.49%  27.1 1657s
 689732 187561  815.66361   88   50  827.82739  798.95477  3.49%  27.1 1661s
 692377 187970  809.56198   90   57  827.82739  798.97442  3.49%  27.1 1667s
 693540 188239  802.37706   91  123  827.82739  798.98293  3.48%  27.1 1673s
 694715 188427  809.08517   98   59  827.82739  798.99156  3.48%  27.1 1678s
 695620 188673 infeasible   72       827.82739  798.99565  3.48%  27.1 1684s
 697047 188934  802.22294   83  118  827.82739  799.00520  3.48%  27.1 1690s
 699918 189884  800.75062   86   90  827.82739  799.02424  3.48%  27.1 1698s
 702130 190112  801.60715   87   70  827.82739  799.03475  3.48%  27.1 1701s
 703169 190318 infeasible   83       827.82739  799.04215  3.48%  27.1 1705s
 705244 191045  803.39289   84  119  827.82739  799.05326  3.48%  27.1 1712s
 707128 191282  809.21051   93   88  827.82739  799.06417  3.47%  27.1 1716s
 708156 191544  808.14515   80   93  827.82739  799.06856  3.47%  27.1 1720s
 710637 192126  819.77590   76   58  827.82739  799.08553  3.47%  27.1 1726s
 711684 192591     cutoff  117       827.82739  799.09119  3.47%  27.1 1730s
 713387 192806  802.11359   81  104  827.82739  799.10177  3.47%  27.1 1736s
 715447 193433  802.58131   86  143  827.82739  799.11886  3.47%  27.2 1743s
 716961 193649  801.88162   96  106  827.82739  799.12798  3.47%  27.2 1747s
 718242 193907  823.15367   79   75  827.82739  799.13828  3.47%  27.2 1753s
 719524 194195 infeasible   99       827.82739  799.14746  3.46%  27.2 1757s
 720793 194417  806.61746   81   12  827.82739  799.15775  3.46%  27.2 1761s
 722143 194684  801.38030   74   85  827.82739  799.16643  3.46%  27.2 1766s
 723594 194972  826.89055   95   92  827.82739  799.17489  3.46%  27.2 1770s
 726376 195514 infeasible   70       827.82739  799.19287  3.46%  27.2 1779s
 727478 195929  805.90491   76  125  827.82739  799.19827  3.46%  27.2 1783s
 729443 196144  826.08863   92   63  827.82739  799.21528  3.46%  27.2 1788s
 730577 196320  804.88627   83  133  827.82739  799.22027  3.46%  27.2 1792s
 731658 196559  804.18604   88   75  827.82739  799.22809  3.45%  27.3 1795s
 732614 196774     cutoff   69       827.82739  799.23444  3.45%  27.3 1800s

Cutting planes:
  Learned: 19
  Gomory: 93
  Cover: 129
  Implied bound: 74
  Projected implied bound: 8
  MIR: 117
  Mixing: 7
  StrongCG: 7
  Flow cover: 386
  GUB cover: 8
  Inf proof: 129
  Zero half: 131
  RLT: 78
  Relax-and-lift: 44

Explored 733880 nodes (20012341 simplex iterations) in 1802.26 seconds (485.23 work units)
Thread count was 12 (of 12 available processors)

Solution count 10: 827.827 828.511 828.752 ... 847.612

Time limit reached
Best objective 8.278273917692e+02, best bound 7.992443347090e+02, gap 3.4528%
